[mamodel]
3
20
-1,-1,0,0,0,0,0,0,1790,1790,0,1000,0,no
0,0,4,0,-48,-2,40,2,1000,1000,0,1000,0,shadow
1,0,1,2,-6,-14,40,50,1000,1000,0,1000,0,back
2,0,2,4,1,-13,0,40,1000,1000,0,1000,0,face
2,0,3,3,3,1,40,0,1000,1000,0,1000,0,legs
3,0,7,5,5,-33,13,16,1000,1000,0,1000,0,ear
2,0,8,1,-36,-31,11,6,1000,1000,0,1000,0,tail
3,0,9,1,24,-39,7,8,1000,1000,0,1000,0,ear
2,0,10,4,-5,-33,0,45,1000,1000,0,1000,0,atkmouthup
2,0,11,3,12,-39,0,0,1000,1000,0,1000,0,atkmouthdown
8,0,7,6,5,-29,13,16,1000,1000,-200,1000,0,ear
8,0,9,2,21,-41,7,8,1000,1000,-200,1000,0,ear
2,0,12,5,-12,-45,2,18,1000,1000,-140,1000,0,joint
2,0,13,0,0,-42,0,0,1000,1200,0,1000,0,fill
1,0,14,3,2,-24,55,40,1000,1000,0,1000,0,bite
14,0,3,2,-5,11,40,0,1000,1000,0,1000,0,leg
14,0,7,4,3,-19,13,16,1000,1000,-250,1000,0,ear
14,0,9,1,21,-26,7,8,1000,1000,0,1000,0,ear
1,0,15,5,36,-25,30,55,1000,1100,0,1000,0,fx
18,0,16,5,-3,4,0,0,1000,1000,0,1000,0,fx
1000,3600,1000
1
0,0,0,0,0,0,default
