[mamodel]
3
11
-1,-1,0,0,0,0,0,0,1790,1790,0,1000,0,default
0,0,0,0,-41,-2,29,2,1000,1000,0,1000,0,default
1,0,7,0,0,0,29,2,1000,1000,0,1000,0,default
1,0,1,2,4,-35,40,32,1000,1000,0,1000,0,default
3,0,2,3,9,-2,24,36,1000,1000,0,1000,0,default
1,0,3,1,-1,-13,27,2,1000,1000,0,1000,0,default
3,0,6,1,-34,11,11,5,1000,1000,-50,1000,0,default
1,0,9,11,5,-41,45,38,1000,1000,0,1000,0,default
7,0,2,22,11,1,24,36,1000,1000,0,1000,0,default
7,0,8,33,13,3,85,40,1000,1000,0,1000,0,default
0,0,0,0,42,-42,29,52,-1000,1000,0,1000,0,default
1000,3600,1000
1
0,0,0,0,0,0,default
