[imgcut]
0
null
87
0,0,1,1,default
102,350,75,30,
105,240,75,95,
202,260,55,70,
196,335,85,56,
272,216,90,70,
277,27,100,85,
273,124,113,85,
428,227,132,104,
190,98,40,40,
232,99,35,40,
224,52,45,40,
228,143,35,58,
196,143,32,58,
193,53,28,25,
387,52,40,35,
428,49,40,35,
375,38,15,15,
391,94,35,32,
431,91,35,32,
378,215,10,15,
396,157,35,10,
433,157,35,10,
396,173,35,25,
440,174,35,25,
392,218,12,16,
396,130,35,25,
432,132,35,25,
474,49,15,10,
498,49,15,10,
477,58,15,10,
497,59,15,10,
474,106,25,16,
500,93,22,8,
476,87,22,16,
500,102,26,20,
474,125,26,20,
132,79,48,25,
134,109,48,25,
19,105,35,40,
55,98,35,65,
282,295,85,55,
2,235,43,55,
0,294,43,60,
53,239,43,48,
54,289,43,60,
369,283,28,45,
399,286,28,45,
371,243,50,35,
2,363,60,10,
44,447,30,64,
12,447,30,64,
6,170,42,32,
89,170,30,32,
50,65,50,32,
48,167,40,32,
120,146,60,85,
7,374,40,65,
50,374,40,65,
109,393,35,20,
148,392,40,20,
506,127,30,25,
94,98,35,45,
95,432,65,20,
96,456,65,20,
495,351,68,60,
79,477,35,35,
117,479,45,35,
415,331,85,105,
16,2,88,50,
421,455,140,105,
164,439,98,105,
479,188,22,15,
504,186,35,15,
496,207,15,5,
480,152,35,35,
517,156,30,25,
121,15,50,45,
188,204,55,48,
186,13,25,10,
288,354,115,55,
344,456,70,75,
262,414,50,55,
270,487,50,55,
313,417,30,55,
410,8,75,35,
488,6,75,35,
