[maanim]
1
50
2,12,-1,
1
0,0,0,0,
1,12,-1,
1
0,0,0,0,
78,12,-1,
1
0,0,0,0,
109,12,-1,
1
0,0,0,0,
3,12,-1,
1
0,0,0,0,
47,5,-1,
9
0,0,0,0,
4,5,0,0,
10,5,0,0,
13,-2,0,0,
16,5,0,0,
22,5,0,0,
25,0,0,0,
28,-5,0,0,
32,0,0,0,
47,4,-1,
7
0,-5,0,0,
5,-10,0,0,
10,-5,0,0,
16,0,0,0,
20,-5,0,0,
25,0,0,0,
32,-5,0,0,
47,11,-1,
6
0,-30,0,0,
5,20,0,0,
10,0,0,0,
20,30,0,0,
28,20,0,0,
32,-30,0,0,
48,11,-1,
8
0,30,0,0,
5,30,0,0,
10,-30,0,0,
15,30,0,0,
20,30,0,0,
25,-30,0,0,
30,30,0,0,
32,30,0,0,
48,5,-1,
3
0,0,0,0,
16,5,0,0,
32,0,0,0,
50,5,-1,
5
0,0,0,0,
5,3,0,0,
15,0,0,0,
25,3,0,0,
32,0,0,0,
51,11,-1,
3
0,0,0,0,
16,60,0,0,
32,0,0,0,
51,5,-1,
3
0,0,0,0,
16,4,0,0,
32,0,0,0,
51,4,-1,
3
0,0,0,0,
16,3,0,0,
32,0,0,0,
53,11,-1,
3
0,-60,0,0,
16,50,0,0,
32,-60,0,0,
54,11,-1,
5
0,0,0,0,
5,90,0,0,
16,0,0,0,
24,90,0,0,
32,0,0,0,
55,11,-1,
5
0,0,0,0,
8,90,0,0,
16,0,0,0,
24,90,0,0,
32,0,0,0,
56,11,-1,
5
0,0,0,0,
8,90,0,0,
16,0,0,0,
24,90,0,0,
32,0,0,0,
57,11,-1,
3
0,0,0,0,
16,60,0,0,
32,0,0,0,
57,4,-1,
3
0,2,0,0,
16,0,0,0,
32,2,0,0,
58,11,-1,
3
0,0,0,0,
16,60,0,0,
32,0,0,0,
59,11,-1,
3
0,0,0,0,
16,60,0,0,
32,0,0,0,
59,4,-1,
3
0,2,0,0,
16,0,0,0,
32,2,0,0,
60,11,-1,
3
0,0,0,0,
16,60,0,0,
32,0,0,0,
61,11,-1,
3
0,-90,0,0,
16,90,0,0,
32,-90,0,0,
61,4,-1,
3
0,0,0,0,
16,-4,0,0,
32,0,0,0,
62,11,-1,
3
0,0,0,0,
16,156,0,0,
32,0,0,0,
62,4,-1,
3
0,-2,0,0,
16,2,0,0,
32,-2,0,0,
63,11,-1,
3
0,0,0,0,
16,200,0,0,
32,0,0,0,
63,4,-1,
3
0,-2,0,0,
16,2,0,0,
32,-2,0,0,
66,5,-1,
3
0,0,0,0,
16,-3,0,0,
32,0,0,0,
67,5,-1,
3
0,0,0,0,
16,5,0,0,
32,0,0,0,
69,5,-1,
3
0,0,0,0,
16,5,0,0,
32,0,0,0,
68,5,-1,
3
0,0,0,0,
16,5,0,0,
32,0,0,0,
70,5,-1,
3
0,0,0,0,
16,5,0,0,
32,0,0,0,
71,11,-1,
3
0,0,0,0,
16,-90,0,0,
32,0,0,0,
72,11,-1,
8
0,204,0,0,
5,131,0,0,
10,-44,0,0,
15,-271,0,0,
20,-200,0,0,
25,94,0,0,
30,113,0,0,
32,204,0,0,
72,4,-1,
10
0,6,0,0,
2,5,0,0,
5,2,0,0,
10,0,0,0,
15,-4,0,0,
20,-2,0,0,
25,-2,0,0,
26,1,0,0,
30,2,0,0,
32,6,0,0,
72,5,-1,
9
0,-10,0,0,
2,-7,0,0,
5,-3,0,0,
10,-7,0,0,
15,-10,0,0,
20,-7,0,0,
25,-5,0,0,
30,-3,0,0,
32,-10,0,0,
73,11,-1,
7
0,0,0,0,
5,-214,0,0,
10,-37,0,0,
15,-223,0,0,
20,-700,0,0,
25,-699,0,0,
32,0,0,0,
73,4,-1,
13
0,-1,0,0,
2,-1,0,0,
4,-1,0,0,
5,-1,0,0,
10,-1,0,0,
15,-1,0,0,
20,-7,0,0,
25,-7,0,0,
26,-8,0,0,
29,-3,0,0,
30,-2,0,0,
31,-2,0,0,
32,0,0,0,
73,5,-1,
11
0,1,0,0,
4,3,0,0,
5,3,0,0,
10,0,0,0,
15,0,0,0,
20,0,0,0,
25,0,0,0,
26,-1,0,0,
30,0,0,0,
31,-2,0,0,
32,1,0,0,
74,11,-1,
7
0,-45,0,0,
5,130,0,0,
10,257,0,0,
15,270,0,0,
20,149,0,0,
25,254,0,0,
32,-45,0,0,
74,4,-1,
9
0,0,0,0,
5,2,0,0,
10,4,0,0,
15,3,0,0,
20,5,0,0,
25,3,0,0,
26,3,0,0,
30,3,0,0,
32,0,0,0,
74,5,-1,
8
0,-11,0,0,
5,-5,0,0,
10,-6,0,0,
15,0,0,0,
20,-6,0,0,
25,2,0,0,
30,0,0,0,
32,-5,0,0,
75,11,-1,
8
0,-441,0,0,
5,-743,0,0,
10,-441,0,0,
18,-19,0,0,
20,-35,0,0,
25,-363,0,0,
30,-354,0,0,
32,-441,0,0,
75,4,-1,
13
0,-5,0,0,
4,-10,0,0,
5,-10,0,0,
6,-10,0,0,
10,-5,0,0,
12,-3,0,0,
13,-2,0,0,
15,-1,0,0,
19,0,0,0,
20,0,0,0,
25,-4,0,0,
30,-4,0,0,
32,-5,0,0,
75,5,-1,
10
0,-3,0,0,
5,0,0,0,
10,-5,0,0,
13,-2,0,0,
15,0,0,0,
19,0,0,0,
20,0,0,0,
25,-5,0,0,
30,-3,0,0,
32,-3,0,0,
76,11,-1,
3
0,0,0,0,
16,150,0,0,
32,0,0,0,
77,11,-1,
3
0,0,0,0,
16,100,0,0,
32,0,0,0,
