[maanim]
1
138
1,12,1,
5
0,0,0,0,
14,0,0,0,
15,1000,0,0,
24,0,0,0,
450,0,0,0,
2,12,-1,
6
0,0,0,0,
18,0,0,0,
19,1000,0,0,
20,1000,0,0,
25,0,0,0,
450,0,0,0,
3,12,1,
4
0,0,0,0,
36,0,0,0,
37,1000,0,0,
450,1000,0,0,
3,11,-1,
4
0,0,0,0,
37,-13,0,0,
42,0,0,0,
450,0,0,0,
4,11,-1,
4
0,0,0,0,
37,-21,0,0,
42,0,0,0,
450,0,0,0,
4,5,-1,
3
0,0,0,0,
25,-2,0,0,
50,0,0,0,
6,11,-1,
4
0,0,0,0,
37,-15,0,0,
42,0,0,0,
450,0,0,0,
6,5,-1,
3
0,0,0,0,
25,2,0,0,
50,0,0,0,
7,11,-1,
20
0,0,0,0,
37,-13,0,0,
42,0,0,0,
50,0,0,0,
75,20,0,0,
100,-10,0,0,
125,20,0,0,
150,-10,0,0,
175,20,0,0,
200,-10,0,0,
225,20,0,0,
250,-10,0,0,
275,20,0,0,
300,-10,0,0,
325,20,0,0,
350,-10,0,0,
375,20,0,0,
400,-10,0,0,
425,20,0,0,
450,0,0,0,
8,11,-1,
3
0,-30,0,0,
25,0,0,0,
50,-30,0,0,
9,11,-1,
3
0,0,0,0,
25,-60,0,0,
50,0,0,0,
10,11,-1,
3
0,0,0,0,
25,60,0,0,
50,0,0,0,
11,11,-1,
3
0,0,0,0,
25,-60,0,0,
50,0,0,0,
12,11,-1,
3
0,0,0,0,
25,30,0,0,
50,0,0,0,
13,11,-1,
3
0,-30,0,0,
25,60,0,0,
50,-30,0,0,
14,11,-1,
3
0,0,0,0,
25,-60,0,0,
50,0,0,0,
15,11,-1,
3
0,0,0,0,
25,-60,0,0,
50,0,0,0,
16,11,-1,
3
0,0,0,0,
25,60,0,0,
50,0,0,0,
17,11,-1,
6
0,0,0,0,
90,0,0,0,
95,-60,0,0,
100,0,0,0,
105,-60,0,0,
110,0,0,0,
18,11,-1,
6
0,0,0,0,
90,0,0,0,
95,-60,0,0,
100,0,0,0,
105,-60,0,0,
110,0,0,0,
20,12,-1,
4
0,1000,0,0,
54,1000,0,0,
55,0,0,0,
450,0,0,0,
20,10,-1,
8
0,1000,0,0,
42,1000,0,0,
48,300,0,0,
49,1000,0,0,
54,1000,0,0,
55,300,0,0,
61,1000,0,0,
450,1000,0,0,
20,2,-1,
4
0,18,0,0,
48,18,0,0,
49,21,0,0,
450,21,0,0,
20,4,-1,
6
0,0,0,0,
37,-2,0,0,
42,0,0,0,
48,0,0,0,
49,2,0,0,
450,2,0,0,
20,5,-1,
4
0,0,0,0,
48,0,0,0,
49,10,0,0,
450,10,0,0,
21,12,-1,
4
0,1000,0,0,
48,1000,0,0,
49,0,0,0,
450,0,0,0,
22,12,-1,
4
0,1000,0,0,
54,1000,0,0,
55,0,0,0,
450,0,0,0,
22,10,-1,
8
0,1000,0,0,
42,1000,0,0,
48,300,0,0,
49,1000,0,0,
54,1000,0,0,
55,300,0,0,
61,1000,0,0,
450,1000,0,0,
22,2,-1,
4
0,19,0,0,
48,19,0,0,
49,22,0,0,
450,22,0,0,
22,4,-1,
6
0,0,0,0,
37,-2,0,0,
42,0,0,0,
48,0,0,0,
49,0,0,0,
450,0,0,0,
22,5,-1,
4
0,0,0,0,
48,0,0,0,
49,11,0,0,
450,11,0,0,
23,12,-1,
4
0,1000,0,0,
48,1000,0,0,
49,0,0,0,
450,0,0,0,
24,12,-1,
4
0,0,0,0,
54,0,0,0,
55,1000,0,0,
450,1000,0,0,
24,10,-1,
4
0,0,0,0,
55,300,0,0,
61,1000,0,0,
450,1000,0,0,
25,5,-1,
6
0,0,0,0,
90,0,0,0,
95,2,0,0,
100,0,0,0,
105,2,0,0,
110,0,0,0,
27,10,-1,
4
0,0,0,0,
55,300,0,0,
61,1000,0,0,
450,1000,0,0,
28,5,-1,
6
0,0,0,0,
90,0,0,0,
95,2,0,0,
100,0,0,0,
105,2,0,0,
110,0,0,0,
27,12,-1,
4
0,0,0,0,
54,0,0,0,
55,1000,0,0,
450,1000,0,0,
30,12,-1,
4
0,0,0,0,
46,0,0,0,
52,1000,0,0,
450,1000,0,0,
31,10,-1,
5
0,0,0,0,
42,1000,0,0,
45,300,0,0,
46,1000,0,0,
450,1000,0,0,
31,2,-1,
4
0,34,0,0,
45,34,0,0,
46,33,0,0,
450,33,0,0,
31,5,-1,
3
0,-1,0,0,
25,1,0,0,
50,-1,0,0,
32,5,-1,
6
0,0,0,0,
90,0,0,0,
95,2,0,0,
100,0,0,0,
105,2,0,0,
110,0,0,0,
33,5,-1,
6
0,0,0,0,
90,0,0,0,
95,2,0,0,
100,0,0,0,
105,2,0,0,
110,0,0,0,
34,11,-1,
4
0,0,0,0,
37,85,0,0,
42,0,0,0,
450,0,0,0,
35,11,-1,
4
0,0,0,0,
37,81,0,0,
42,145,0,0,
450,0,0,0,
35,5,-1,
3
0,0,0,0,
15,2,0,0,
30,0,0,0,
36,11,-1,
3
0,-30,0,0,
25,30,0,0,
50,-30,0,0,
37,11,-1,
3
0,-30,0,0,
25,30,0,0,
50,-30,0,0,
38,5,-1,
3
0,0,0,0,
25,2,0,0,
50,0,0,0,
43,11,-1,
3
0,0,0,0,
25,60,0,0,
50,0,0,0,
43,5,-1,
3
0,0,0,0,
25,5,0,0,
50,0,0,0,
44,11,-1,
3
0,0,0,0,
25,60,0,0,
50,0,0,0,
45,11,-1,
3
0,0,0,0,
25,60,0,0,
50,0,0,0,
47,12,1,
1
0,0,0,0,
78,12,1,
4
0,1000,0,0,
15,1000,0,0,
16,0,0,0,
450,0,0,0,
78,11,1,
7
0,0,0,0,
5,-34,0,0,
10,60,0,0,
11,75,0,0,
15,-30,0,0,
30,0,0,0,
450,0,0,0,
78,5,1,
6
0,0,0,0,
5,3,0,0,
10,0,0,0,
12,-10,0,0,
15,-16,0,0,
450,0,0,0,
79,12,-1,
0
79,11,-1,
5
0,0,0,0,
5,-42,0,0,
10,126,0,0,
15,223,0,0,
450,0,0,0,
80,11,-1,
5
0,0,0,0,
5,112,0,0,
10,-24,0,0,
15,-66,0,0,
450,0,0,0,
82,11,-1,
5
0,0,0,0,
5,47,0,0,
10,-30,0,0,
15,-83,0,0,
450,0,0,0,
83,11,-1,
3
0,0,0,0,
10,0,0,0,
450,0,0,0,
84,11,-1,
5
0,0,0,0,
5,116,0,0,
10,-77,0,0,
15,-109,0,0,
450,0,0,0,
85,11,-1,
5
0,0,0,0,
5,50,0,0,
10,-67,0,0,
15,-87,0,0,
450,0,0,0,
86,11,-1,
5
0,0,0,0,
5,67,0,0,
10,-85,0,0,
15,-105,0,0,
450,0,0,0,
87,11,-1,
5
0,0,0,0,
5,100,0,0,
10,-88,0,0,
15,-116,0,0,
450,0,0,0,
88,11,-1,
5
0,0,0,0,
5,-107,0,0,
10,113,0,0,
15,126,0,0,
450,0,0,0,
89,11,-1,
4
0,0,0,0,
5,-129,0,0,
10,62,0,0,
450,0,0,0,
90,11,-1,
4
0,0,0,0,
5,-124,0,0,
10,84,0,0,
450,0,0,0,
90,4,-1,
4
0,0,0,0,
5,-7,0,0,
10,0,0,0,
450,0,0,0,
91,10,-1,
4
0,1000,0,0,
4,300,0,0,
5,1000,0,0,
450,1000,0,0,
91,2,-1,
4
0,66,0,0,
4,66,0,0,
5,72,0,0,
450,72,0,0,
91,4,-1,
4
0,0,0,0,
4,0,0,0,
5,5,0,0,
450,5,0,0,
91,5,-1,
4
0,0,0,0,
4,0,0,0,
5,11,0,0,
450,11,0,0,
92,10,-1,
4
0,1000,0,0,
4,300,0,0,
5,1000,0,0,
450,1000,0,0,
92,2,-1,
4
0,67,0,0,
4,67,0,0,
5,73,0,0,
450,73,0,0,
92,4,-1,
4
0,0,0,0,
4,0,0,0,
5,0,0,0,
450,0,0,0,
92,5,-1,
4
0,0,0,0,
4,0,0,0,
5,7,0,0,
450,7,0,0,
95,10,-1,
4
0,1000,0,0,
4,600,0,0,
5,1000,0,0,
450,1000,0,0,
95,2,-1,
4
0,34,0,0,
4,34,0,0,
5,74,0,0,
450,74,0,0,
95,5,-1,
4
0,0,0,0,
4,0,0,0,
5,3,0,0,
450,3,0,0,
96,11,-1,
4
0,0,0,0,
10,147,0,0,
15,-143,0,0,
450,0,0,0,
97,11,-1,
4
0,0,0,0,
10,556,0,0,
15,743,0,0,
450,0,0,0,
97,4,-1,
4
0,0,0,0,
10,9,0,0,
15,3,0,0,
450,0,0,0,
97,5,-1,
3
0,3,0,0,
15,7,0,0,
450,0,0,0,
98,11,-1,
4
0,0,0,0,
10,-437,0,0,
15,-843,0,0,
450,0,0,0,
99,11,-1,
3
0,0,0,0,
10,-346,0,0,
450,0,0,0,
100,11,-1,
3
0,0,0,0,
15,-196,0,0,
450,0,0,0,
102,11,-1,
4
0,0,0,0,
10,397,0,0,
15,341,0,0,
450,0,0,0,
102,5,-1,
3
0,0,0,0,
15,13,0,0,
450,0,0,0,
103,11,-1,
4
0,0,0,0,
10,174,0,0,
15,121,0,0,
450,0,0,0,
103,4,-1,
4
0,0,0,0,
10,7,0,0,
15,6,0,0,
450,0,0,0,
104,11,-1,
4
0,0,0,0,
10,-677,0,0,
15,-227,0,0,
450,0,0,0,
104,4,-1,
4
0,0,0,0,
10,-9,0,0,
15,-3,0,0,
450,0,0,0,
104,5,-1,
4
0,0,0,0,
10,5,0,0,
15,-2,0,0,
450,0,0,0,
105,11,-1,
6
0,0,0,0,
5,140,0,0,
10,-54,0,0,
11,-74,0,0,
15,108,0,0,
450,0,0,0,
105,5,-1,
3
0,0,0,0,
10,1,0,0,
450,0,0,0,
105,4,-1,
3
0,0,0,0,
10,3,0,0,
450,0,0,0,
106,11,-1,
6
0,0,0,0,
5,-282,0,0,
10,0,0,0,
11,-8,0,0,
15,-225,0,0,
450,0,0,0,
106,4,-1,
5
0,0,0,0,
5,-3,0,0,
10,-1,0,0,
15,-3,0,0,
450,0,0,0,
106,5,-1,
3
0,0,0,0,
15,1,0,0,
450,0,0,0,
107,11,-1,
4
0,0,0,0,
5,-452,0,0,
15,92,0,0,
450,0,0,0,
109,12,1,
6
0,0,0,0,
15,0,0,0,
16,1000,0,0,
36,1000,0,0,
37,0,0,0,
450,0,0,0,
109,11,1,
6
0,0,0,0,
16,0,0,0,
20,-145,0,0,
25,-166,0,0,
36,184,0,0,
450,0,0,0,
110,11,-1,
6
0,0,0,0,
16,53,0,0,
20,-30,0,0,
25,-56,0,0,
36,-99,0,0,
450,0,0,0,
110,5,-1,
6
0,0,0,0,
16,0,0,0,
20,3,0,0,
25,4,0,0,
36,0,0,0,
450,0,0,0,
111,11,-1,
6
0,0,0,0,
16,0,0,0,
20,-46,0,0,
25,-47,0,0,
36,66,0,0,
450,0,0,0,
112,11,-1,
6
0,0,0,0,
16,0,0,0,
20,-74,0,0,
25,-94,0,0,
36,115,0,0,
450,0,0,0,
112,5,-1,
6
0,0,0,0,
16,0,0,0,
20,0,0,0,
25,-8,0,0,
36,-4,0,0,
450,0,0,0,
112,4,-1,
4
0,0,0,0,
25,0,0,0,
36,5,0,0,
450,0,0,0,
114,11,-1,
6
0,0,0,0,
16,-139,0,0,
20,53,0,0,
25,0,0,0,
36,-5,0,0,
450,0,0,0,
115,11,-1,
6
0,0,0,0,
16,0,0,0,
20,-96,0,0,
25,-87,0,0,
36,119,0,0,
450,0,0,0,
116,11,-1,
6
0,0,0,0,
16,0,0,0,
20,158,0,0,
25,-16,0,0,
36,56,0,0,
450,0,0,0,
117,11,-1,
6
0,0,0,0,
16,0,0,0,
20,14,0,0,
25,-85,0,0,
36,146,0,0,
450,0,0,0,
118,11,-1,
6
0,0,0,0,
16,0,0,0,
20,142,0,0,
25,10,0,0,
36,229,0,0,
450,0,0,0,
119,10,-1,
4
0,0,0,0,
16,300,0,0,
21,1000,0,0,
450,1000,0,0,
120,10,-1,
4
0,0,0,0,
16,300,0,0,
21,1000,0,0,
450,1000,0,0,
123,10,-1,
4
0,0,0,0,
16,300,0,0,
21,1000,0,0,
450,1000,0,0,
124,11,-1,
6
0,0,0,0,
16,0,0,0,
20,-73,0,0,
25,21,0,0,
36,221,0,0,
450,0,0,0,
125,11,-1,
6
0,0,0,0,
16,0,0,0,
20,-54,0,0,
25,-54,0,0,
36,127,0,0,
450,0,0,0,
126,11,-1,
6
0,0,0,0,
16,0,0,0,
20,-369,0,0,
25,-496,0,0,
36,0,0,0,
450,0,0,0,
127,11,-1,
5
0,0,0,0,
16,221,0,0,
26,0,0,0,
36,310,0,0,
450,0,0,0,
129,11,-1,
6
0,0,0,0,
16,477,0,0,
20,0,0,0,
25,-47,0,0,
36,-394,0,0,
450,0,0,0,
129,4,-1,
6
0,0,0,0,
16,0,0,0,
20,-6,0,0,
25,-8,0,0,
36,0,0,0,
450,0,0,0,
130,11,-1,
7
0,0,0,0,
16,243,0,0,
20,0,0,0,
25,-35,0,0,
30,162,0,0,
36,0,0,0,
450,0,0,0,
133,8,-1,
6
0,1000,0,0,
16,1000,0,0,
20,1400,0,0,
25,1350,0,0,
36,1000,0,0,
450,1000,0,0,
134,11,-1,
5
0,0,0,0,
25,0,0,0,
30,-109,0,0,
36,-250,0,0,
450,0,0,0,
135,11,-1,
4
0,0,0,0,
25,0,0,0,
36,-88,0,0,
450,0,0,0,
136,11,-1,
5
0,0,0,0,
25,0,0,0,
30,-153,0,0,
36,-522,0,0,
450,0,0,0,
136,4,-1,
5
0,0,0,0,
25,0,0,0,
30,0,0,0,
36,-6,0,0,
450,0,0,0,
136,5,-1,
5
0,0,0,0,
25,0,0,0,
30,-5,0,0,
36,-4,0,0,
450,0,0,0,
137,11,-1,
5
0,0,0,0,
25,0,0,0,
30,381,0,0,
36,813,0,0,
450,0,0,0,
137,4,-1,
5
0,0,0,0,
25,0,0,0,
30,5,0,0,
36,9,0,0,
450,0,0,0,
137,5,-1,
5
0,0,0,0,
25,0,0,0,
30,-4,0,0,
36,-9,0,0,
450,0,0,0,
138,11,-1,
7
0,0,0,0,
16,23,0,0,
20,249,0,0,
25,291,0,0,
30,-312,0,0,
36,-377,0,0,
450,0,0,0,
138,4,-1,
7
0,0,0,0,
16,0,0,0,
20,0,0,0,
25,0,0,0,
30,0,0,0,
36,-16,0,0,
450,0,0,0,
139,11,-1,
4
0,0,0,0,
30,0,0,0,
36,-35,0,0,
450,0,0,0,
