[maanim]
1
24
2,5,-1,0,0,
3
0,0,2,2,
4,4,2,-1,
16,0,0,0,
3,11,-1,0,0,
5
0,0,0,0,
4,15,0,0,
8,0,0,0,
12,-8,0,0,
16,0,0,0,
4,5,-1,0,0,
6
0,0,2,2,
4,-4,2,-1,
16,-1,0,0,
20,-5,0,0,
24,0,0,0,
32,0,0,0,
4,11,-1,0,0,
9
0,0,0,0,
4,60,0,0,
8,125,0,0,
12,180,0,0,
16,180,0,0,
20,10,0,0,
24,-200,0,0,
28,-90,0,0,
32,0,0,0,
5,11,-1,0,0,
7
0,0,0,0,
12,0,0,0,
16,180,0,0,
20,125,0,0,
24,-90,0,0,
28,30,0,0,
32,0,0,0,
6,5,-1,0,0,
6
-16,0,2,2,
-12,-4,2,-1,
0,-1,0,0,
4,-5,0,0,
8,0,0,0,
16,0,0,0,
6,11,-1,0,0,
9
-16,0,0,0,
-12,60,0,0,
-8,125,0,0,
-4,180,0,0,
0,180,0,0,
4,10,0,0,
8,-200,0,0,
12,-90,0,0,
16,0,0,0,
7,11,-1,0,0,
7
-16,0,0,0,
-4,0,0,0,
0,180,0,0,
4,125,0,0,
8,-90,0,0,
12,30,0,0,
16,0,0,0,
8,4,-1,0,0,
5
0,0,0,0,
12,0,0,0,
16,1,0,0,
20,0,0,0,
32,0,0,0,
8,5,-1,0,0,
10
0,0,2,2,
4,-3,0,0,
8,-1,0,0,
11,-2,0,0,
12,-5,2,2,
16,-2,0,0,
20,-2,0,0,
24,0,0,0,
28,0,0,0,
32,0,0,0,
8,11,-1,0,0,
9
0,-20,0,0,
4,20,0,0,
8,35,0,0,
12,50,0,0,
16,-77,0,0,
20,-90,0,0,
24,-55,0,0,
28,-55,0,0,
32,0,0,0,
9,2,-1,0,0,
6
0,7,1,0,
12,8,1,0,
16,7,1,0,
20,9,1,0,
28,9,1,0,
32,7,1,0,
9,5,-1,0,0,
6
0,0,0,0,
4,0,0,0,
20,0,0,0,
24,0,0,0,
28,1,0,0,
32,0,0,0,
9,6,-1,0,0,
6
0,0,1,0,
12,2,1,0,
16,0,1,0,
20,0,1,0,
28,0,1,0,
32,0,1,0,
9,7,-1,0,0,
5
0,1,1,0,
12,1,1,0,
16,0,1,0,
20,0,1,0,
28,1,1,0,
9,11,-1,0,0,
10
0,20,0,0,
4,-25,0,0,
8,10,0,0,
11,100,0,0,
12,-55,0,0,
16,0,0,0,
20,90,0,0,
24,60,0,0,
28,20,0,0,
32,0,0,0,
10,4,-1,0,0,
5
-16,0,0,0,
-4,0,0,0,
0,1,0,0,
4,0,0,0,
16,0,0,0,
10,5,-1,0,0,
10
-16,0,2,2,
-12,-3,0,0,
-8,-1,0,0,
-5,-2,0,0,
-4,-5,2,2,
0,-2,0,0,
4,-2,0,0,
8,0,0,0,
12,0,0,0,
16,0,0,0,
10,11,-1,0,0,
9
-16,-20,0,0,
-12,20,0,0,
-8,35,0,0,
-4,50,0,0,
0,-77,0,0,
4,-90,0,0,
8,-55,0,0,
12,-55,0,0,
16,0,0,0,
11,2,-1,0,0,
6
-16,7,1,0,
-4,8,1,0,
0,7,1,0,
4,9,1,0,
12,9,1,0,
16,0,1,0,
11,5,-1,0,0,
6
-16,0,0,0,
-12,0,0,0,
4,0,0,0,
8,0,0,0,
12,1,0,0,
16,0,0,0,
11,6,-1,0,0,
6
-16,0,1,0,
-4,2,1,0,
0,0,1,0,
4,0,1,0,
12,0,1,0,
16,0,1,0,
11,7,-1,0,0,
6
-16,0,1,0,
-4,1,1,0,
0,0,1,0,
4,0,1,0,
12,1,1,0,
16,0,1,0,
11,11,-1,0,0,
10
-16,20,0,0,
-12,-25,0,0,
-8,10,0,0,
-5,100,0,0,
-4,-55,0,0,
0,0,0,0,
4,90,0,0,
8,60,0,0,
12,20,0,0,
16,0,0,0,
