[maanim]
1
53
1,9,1,
3
0,1000,1,0,
8,1500,1,0,
15,1500,1,0,
2,11,1,
4
0,0,1,0,
7,-20,1,0,
8,0,1,0,
15,0,1,0,
2,5,1,
6
0,0,1,0,
2,25,1,0,
6,26,1,0,
7,27,1,0,
8,0,1,0,
15,0,1,0,
4,4,1,
8
0,0,1,0,
2,12,1,0,
3,24,1,0,
4,96,1,0,
5,120,1,0,
6,96,1,0,
8,0,1,0,
15,0,1,0,
4,5,1,
8
0,0,1,0,
2,-9,1,0,
3,-9,1,0,
4,-38,1,0,
5,-43,1,0,
6,-48,1,0,
8,0,1,0,
15,0,1,0,
4,11,1,
8
0,0,1,0,
2,100,1,0,
3,300,1,0,
4,600,1,0,
5,1200,1,0,
6,1000,1,0,
14,0,1,0,
15,0,1,0,
4,2,1,
4
0,18,1,0,
2,18,1,0,
8,0,1,0,
15,0,1,0,
5,4,1,
8
0,0,1,0,
2,12,1,0,
3,24,1,0,
4,36,1,0,
5,62,1,0,
6,31,1,0,
8,0,1,0,
15,0,1,0,
5,5,1,
8
0,0,1,0,
2,0,1,0,
3,-4,1,0,
4,0,1,0,
5,-2,1,0,
6,0,1,0,
8,0,1,0,
15,0,1,0,
5,11,1,
8
0,0,1,0,
2,100,1,0,
3,300,1,0,
4,600,1,0,
5,800,1,0,
6,1200,1,0,
14,0,1,0,
15,0,1,0,
5,2,1,
4
0,17,1,0,
2,17,1,0,
8,0,1,0,
15,0,1,0,
6,11,1,
7
0,0,1,0,
3,50,1,0,
4,0,1,0,
5,50,1,0,
6,0,1,0,
7,0,1,0,
15,0,1,0,
6,2,1,
5
0,2,1,0,
2,20,1,0,
4,21,1,0,
8,0,1,0,
15,0,1,0,
6,4,1,
7
0,0,1,0,
2,0,1,0,
4,12,1,0,
8,-252,1,0,
10,-252,1,0,
14,0,1,0,
15,0,1,0,
6,5,1,
9
0,0,1,0,
2,28,1,0,
3,16,1,0,
4,52,1,0,
5,45,1,0,
8,288,1,0,
10,276,1,0,
14,0,1,0,
15,0,1,0,
7,2,1,
4
0,19,1,0,
2,0,1,0,
8,19,1,0,
15,19,1,0,
7,5,1,
2
0,4,0,0,
15,4,0,0,
8,2,1,
4
0,19,1,0,
2,0,1,0,
8,23,1,0,
15,23,1,0,
8,4,1,
3
0,7,1,0,
8,-130,1,0,
15,-130,1,0,
8,5,1,
3
0,4,1,0,
8,120,1,0,
15,120,1,0,
9,2,1,
3
0,0,1,0,
8,24,1,0,
15,24,1,0,
9,5,1,
2
0,0,1,0,
8,-20,0,0,
10,11,1,
5
0,0,1,0,
8,-30,2,-2,
12,0,1,0,
14,0,1,0,
15,0,1,0,
10,2,1,
4
0,0,1,0,
8,22,1,0,
14,22,1,0,
15,22,1,0,
11,4,1,
5
0,0,1,0,
8,0,0,0,
10,-48,0,0,
13,-72,1,0,
15,-72,1,0,
12,2,1,
6
0,0,1,0,
8,25,1,0,
11,0,1,0,
13,27,1,0,
14,29,1,0,
15,29,1,0,
12,4,1,
7
0,0,1,0,
8,72,1,0,
9,0,1,0,
11,-72,1,0,
12,64,1,0,
14,120,1,0,
15,120,1,0,
12,5,1,
7
0,0,1,0,
8,36,1,0,
9,24,1,0,
10,0,1,0,
12,-33,1,0,
14,-240,1,0,
15,-240,1,0,
12,8,1,
4
0,1000,1,0,
8,200,0,0,
10,1000,1,0,
15,1000,1,0,
13,2,1,
7
0,0,1,0,
8,0,1,0,
11,26,1,0,
12,26,1,0,
13,28,1,0,
14,30,1,0,
15,30,1,0,
13,11,1,
4
0,0,1,0,
10,900,1,0,
13,0,1,0,
15,0,1,0,
13,4,1,
7
0,0,1,0,
8,0,1,0,
10,0,1,0,
12,0,1,0,
13,108,1,0,
14,48,1,0,
15,48,1,0,
13,5,1,
7
0,0,1,0,
8,0,1,0,
10,0,1,0,
12,-48,1,0,
13,-168,1,0,
14,-48,1,0,
15,-48,1,0,
14,2,1,
7
0,0,1,0,
9,33,1,0,
11,33,1,0,
12,34,1,0,
13,31,1,0,
14,31,1,0,
15,31,1,0,
14,5,1,
9
0,0,1,0,
8,0,1,0,
9,48,1,0,
10,-96,1,0,
11,-120,1,0,
12,-168,1,0,
13,-240,1,0,
14,48,1,0,
15,48,1,0,
14,4,1,
9
0,0,1,0,
8,0,1,0,
9,-96,1,0,
10,-108,1,0,
11,-108,1,0,
12,-108,1,0,
13,-120,1,0,
14,120,1,0,
15,120,1,0,
14,8,1,
9
0,1000,1,0,
8,1000,1,0,
9,600,1,0,
10,800,1,0,
11,900,1,0,
12,1000,1,0,
13,500,1,0,
14,1000,1,0,
15,1000,1,0,
14,11,1,
7
0,0,1,0,
9,900,1,0,
11,900,1,0,
12,900,1,0,
13,1800,1,0,
14,0,1,0,
15,0,1,0,
15,2,1,
3
0,0,1,0,
8,32,1,0,
15,32,1,0,
15,11,1,
4
0,0,0,0,
8,1800,0,0,
12,0,0,0,
15,0,0,0,
15,12,1,
5
0,0,1,0,
8,0,1,0,
9,1000,0,0,
14,0,1,0,
15,0,0,0,
15,5,1,
6
0,0,1,0,
8,0,1,0,
9,0,1,0,
10,-60,1,0,
11,-64,0,0,
15,-64,0,0,
15,8,1,
5
0,800,1,0,
10,1000,1,0,
11,900,1,0,
12,0,0,0,
15,0,0,0,
15,4,1,
6
0,0,1,0,
8,72,1,0,
9,0,1,0,
10,0,1,0,
11,0,0,0,
15,0,0,0,
16,2,1,
5
0,0,1,0,
11,34,1,0,
12,34,1,0,
13,30,1,0,
15,30,1,0,
16,5,1,
6
0,0,1,0,
11,0,1,0,
12,-24,1,0,
13,-24,1,0,
14,-192,1,0,
15,-192,0,0,
16,8,1,
4
0,1000,1,0,
13,800,1,0,
14,0,1,0,
15,0,1,0,
16,11,1,
3
0,0,1,0,
13,900,1,0,
15,900,1,0,
17,12,1,
2
0,1000,1,0,
2,0,0,0,
18,12,1,
2
0,1000,1,0,
2,0,0,0,
17,5,1,
1
0,12,0,0,
18,4,1,
1
0,-10,0,0,
18,5,1,
1
0,4,0,0,
