[mamodel]
3
19
-1,-1,0,0,0,0,0,-5,458,458,0,1000,0,ダミー
0,7,1,0,360,0,194,0,1790,1790,0,1000,0,影
0,7,0,2,166,-110,0,0,1000,1000,0,1000,0,歩き
2,7,0,3,0,0,96,240,1000,1000,0,1000,0,体部分
3,7,18,0,-118,-199,48,0,1790,1790,0,1000,0,左側の腕
3,7,17,5,-32,-180,48,7,1790,1790,0,1000,0,右側の腕
3,7,2,3,0,4,96,240,1790,1790,0,1000,0,本体
2,7,3,7,-48,-72,0,0,1790,1790,0,1000,0,手前足
2,7,10,2,-141,-74,0,0,1790,1790,0,1000,0,奥足
2,7,0,9,-201,33,0,0,1790,1790,0,1000,0,攻撃手前腕
2,7,0,4,-28,0,220,84,1790,1790,0,1000,0,攻撃本体
0,7,0,11,0,0,0,0,1000,1000,0,1000,0,炎
11,7,0,8,-357,-120,84,79,1790,1790,0,1000,0,炎１
11,7,0,6,-340,-168,98,64,1790,1790,0,1000,0,炎２
11,7,0,5,-336,-240,55,24,1790,1790,0,1000,0,炎３
11,7,0,15,-348,-72,24,26,2500,2500,0,1000,0,炎エフェクト
11,7,0,5,-216,-312,0,0,1500,1500,900,1000,0,炎小１
2,0,35,10,108,-28,18,10,1665,1665,0,1000,0,炎小１_copied
2,0,35,0,61,-20,18,10,1665,1665,0,1000,0,炎小１_copied0
1000,3600,1000
2
0,0,0,0,0,0,default
0,0,0,0,0,0,exhibit