[maanim]
1
12
2,5,1,
3
0,0,2,-2,
4,-35,0,0,
8,0,0,0,
3,2,1,
2
0,6,0,0,
8,7,0,0,
3,7,1,
2
0,0,1,0,
8,-35,0,0,
3,10,1,
2
0,1000,2,-2,
7,1050,0,0,
3,11,1,
5
0,0,2,-2,
4,200,2,2,
7,-50,1,0,
8,0,0,0,
15,0,0,0,
5,5,1,
3
0,0,2,-3,
6,-25,1,0,
8,0,0,0,
5,11,1,
3
0,0,2,-3,
6,100,1,0,
8,-1000,1,0,
6,12,1,
3
0,0,1,0,
8,1000,2,-2,
12,0,0,0,
7,12,1,
4
0,0,2,-2,
6,1000,0,0,
8,1000,2,1,
10,0,0,0,
10,2,1,
6
0,0,1,0,
8,8,1,0,
10,9,1,0,
12,10,1,0,
14,11,1,0,
15,11,1,0,
10,4,1,
2
0,10,1,0,
10,-10,0,0,
10,5,1,
1
0,70,0,0,
