[maanim]
1
11
3,2,-1,キャラ
2
0,2,1,0,
16,2,1,0,
4,2,-1,
5
0,3,1,0,
4,4,1,0,
8,3,1,0,
12,5,1,0,
16,3,1,0,
4,5,-1,
5
0,0,1,0,
4,3,1,0,
8,0,1,0,
12,3,1,0,
16,0,1,0,
2,5,-1,ダミー
5
0,0,1,0,
4,2,1,0,
8,0,1,0,
12,2,1,0,
16,0,1,0,
5,11,-1,ダミー
5
0,0,2,-3,
4,-70,0,0,
8,0,2,-3,
12,70,0,0,
16,0,0,0,
8,4,-1,ダミー
5
0,0,1,0,
4,4,1,0,
8,0,1,0,
12,-4,1,0,
16,0,1,0,
8,5,-1,
5
0,0,1,0,
4,-2,1,0,
8,0,1,0,
12,-2,1,0,
16,0,1,0,
5,5,-1,ダミー
5
0,0,1,0,
4,2,1,0,
8,0,1,0,
12,2,1,0,
16,0,1,0,
6,12,-1,
1
0,0,0,0,
7,12,-1,
1
0,0,0,0,
9,12,-1,
1
0,0,0,0,
