[maanim]
1
16
18,12,1,
1
0,0,0,0,
15,12,1,
1
0,0,0,0,
16,12,1,
1
0,0,0,0,
17,12,1,
1
0,0,0,0,
14,12,1,
6
0,0,0,0,
10,0,0,0,
11,1000,0,0,
15,1000,0,0,
18,0,0,0,
30,0,0,0,
14,8,1,
4
0,0,0,0,
15,1000,0,0,
18,1300,0,0,
30,1300,0,0,
1,12,1,
6
0,1000,0,0,
3,1000,0,0,
4,0,0,0,
24,0,0,0,
25,1000,0,0,
30,1000,0,0,
1,10,1,
6
0,1000,0,0,
3,1000,0,0,
4,1000,0,0,
25,1000,0,0,
28,900,0,0,
30,1000,0,0,
2,5,1,
4
0,0,0,0,
25,0,0,0,
28,4,0,0,
30,0,0,0,
6,12,1,
6
0,0,0,0,
3,0,0,0,
4,1000,0,0,
6,1000,0,0,
7,0,0,0,
30,0,0,0,
6,10,1,
5
0,1000,0,0,
4,1000,0,0,
6,1200,0,0,
7,1000,0,0,
30,1000,0,0,
8,12,1,
10
0,0,0,0,
6,0,0,0,
7,1000,0,0,
10,1000,0,0,
11,0,0,0,
20,0,0,0,
21,1000,0,0,
25,1000,0,0,
25,0,0,0,
30,0,0,0,
9,11,1,
11
0,0,0,0,
7,-300,0,0,
8,-100,0,0,
9,100,0,0,
10,200,0,0,
11,0,0,0,
21,200,0,0,
22,100,0,0,
23,-100,0,0,
24,-300,0,0,
30,0,0,0,
10,12,1,
6
0,0,0,0,
10,0,0,0,
11,1000,0,0,
20,1000,0,0,
21,0,0,0,
30,0,0,0,
11,8,1,
6
0,1000,0,0,
10,1000,0,0,
11,1000,0,0,
13,1100,0,0,
20,1000,0,0,
30,1000,0,0,
12,12,1,
1
0,0,0,0,
