[maanim]
1
19
18,12,-1,
4
0,1000,0,0,
15,1000,0,0,
22,0,0,0,
30,0,0,0,
18,4,-1,
4
0,5,0,0,
15,-5,0,0,
22,-5,0,0,
30,-5,0,0,
15,12,-1,
1
0,0,0,0,
16,12,-1,
1
0,0,0,0,
17,12,-1,
1
0,0,0,0,
14,12,-1,
1
0,0,0,0,
1,4,-1,
4
0,0,0,0,
10,10,0,0,
20,5,0,0,
30,0,0,0,
13,4,-1,影子
4
0,0,0,0,
10,10,0,0,
20,5,0,0,
30,0,0,0,
1,8,-1,
4
0,1000,0,0,
10,1050,0,0,
20,1020,0,0,
30,1000,0,0,
2,4,-1,
3
0,0,0,0,
15,3,0,0,
30,0,0,0,
2,5,-1,
3
0,0,0,0,
15,4,0,0,
30,0,0,0,
2,9,-1,
3
0,1000,0,0,
15,1050,0,0,
30,1000,0,0,
3,10,-1,
3
0,1000,0,0,
15,1300,0,0,
30,1000,0,0,
4,10,-1,
3
0,1200,0,0,
15,1000,0,0,
30,1200,0,0,
5,10,-1,
3
0,1200,0,0,
15,1000,0,0,
30,1200,0,0,
6,12,-1,
1
0,0,0,0,
8,12,-1,
1
0,0,0,0,
10,12,-1,
1
0,0,0,0,
12,12,-1,
1
0,0,0,0,
