[mamodel]
3
19
-1,-1,0,0,0,0,0,0,1600,1600,0,1000,0,default
0,0,1,1,-34,-1,40,25,1000,1000,0,1000,0,主身体
1,0,2,2,-22,-15,20,57,1000,1000,0,1000,0,主身体2
2,0,3,3,5,-44,10,7,1000,1000,0,1000,0,身体粘液
2,0,4,4,33,-43,9,5,1000,1000,0,1000,0,身体粘液
2,0,5,5,4,-10,9,6,1000,1000,0,1000,0,身体粘液
0,0,6,7,-34,1,40,25,1000,1000,0,1000,0,攻击前
6,0,7,8,3,-16,40,57,1000,1000,0,1000,0,攻击前
0,0,8,9,-36,-1,35,63,1000,1000,0,1000,0,攻击中
8,0,9,10,10,-46,25,110,1000,1000,0,1000,0,攻击中
0,0,10,11,-33,-2,35,110,1000,1000,0,1000,0,攻击后
10,0,11,12,28,-78,8,43,1000,1000,0,1000,0,攻击后
0,0,12,0,-40,-45,50,60,1000,1000,0,1000,0,kb
0,0,16,-1,-36,0,28,7,1400,1000,0,1000,0,影子
0,0,17,20,72,-25,50,25,1000,1000,0,1000,0,攻击特效
0,0,13,1,-8,-49,30,40,-1000,1000,0,1000,0,出现1
0,0,14,2,-37,-46,30,55,-1000,1000,0,1000,0,出现2
0,0,15,3,-41,-2,35,42,1100,1100,0,1000,0,出现2
0,0,18,15,-56,0,10,13,1000,1000,0,1000,0,出现2
1000,3600,1000
1
0,0,0,0,0,0,