[mamodel]
3
21
-1,-1,0,0,0,0,-55,-75,1300,1300,0,1000,0,default
0,0,15,110,45,0,10,90,1000,1100,0,1000,0,攻击特效
0,0,16,110,110,70,55,50,1000,1000,0,1000,0,攻击特效
0,0,1,10,0,0,40,40,1000,1000,0,1000,0,主身体
3,0,2,11,22,-4,5,30,1000,1000,0,1000,0,前段
4,0,4,12,10,-22,60,80,1000,1000,0,1000,0,头部
3,0,3,11,20,-2,0,30,1000,1000,0,1000,0,攻击前段
6,0,4,12,35,-10,60,80,1000,1000,900,1000,0,攻击头
3,0,6,15,-10,18,15,15,1000,1000,150,1000,0,大腿1
8,0,7,16,-2,22,10,10,1000,1000,-150,1000,0,小腿1
9,0,8,17,13,23,10,18,1000,1000,0,1000,0,脚1
3,0,9,18,-5,15,35,10,900,900,0,1000,0,站立脚
3,0,6,9,10,18,12,15,950,950,0,1000,0,大腿2
12,0,7,8,1,22,10,10,1000,1000,0,1000,0,小腿2
13,0,8,7,13,23,10,18,1000,1000,0,1000,0,脚2
3,0,10,20,20,-10,95,15,1000,1000,-60,1000,0,翅膀1
3,0,11,21,20,-10,95,50,1000,1000,150,1000,0,翅膀1
3,0,12,22,20,-10,100,50,1000,1000,350,1000,0,翅膀1
3,0,10,-10,40,-10,95,15,900,900,150,1000,0,翅膀2
3,0,13,0,-30,-15,55,15,1000,1000,0,1000,0,尾巴
0,0,14,-15,0,73,60,5,1000,1000,0,1000,0,影子
1000,3600,1000
1
0,0,0,0,0,0,