[maanim]
1
58
1,12,-1,
1
0,0,0,0,
42,12,-1,
1
0,0,0,0,
4,12,-1,
1
0,0,0,0,
31,12,-1,
1
0,0,0,0,
32,12,-1,
1
0,0,0,0,
33,12,-1,
1
0,0,0,0,
34,12,-1,
1
0,0,0,0,
45,12,-1,
1
0,0,0,0,
56,12,-1,
1
0,0,0,0,
5,5,-1,
3
0,0,0,0,
15,0,0,0,
30,0,0,0,
6,5,-1,
3
0,0,0,0,
15,2,0,0,
30,0,0,0,
6,11,-1,
3
0,0,0,0,
15,40,0,0,
30,0,0,0,
7,11,-1,
3
0,-30,0,0,
15,60,0,0,
30,-30,0,0,
8,5,-1,
3
0,0,0,0,
15,2,0,0,
30,0,0,0,
10,11,-1,
3
0,0,0,0,
15,15,0,0,
30,0,0,0,
12,11,-1,
3
0,0,0,0,
15,90,0,0,
30,0,0,0,
13,11,-1,
3
0,0,0,0,
15,-90,0,0,
30,0,0,0,
14,5,-1,
3
0,0,0,0,
15,3,0,0,
30,0,0,0,
14,11,-1,
3
0,0,0,0,
15,-30,0,0,
30,0,0,0,
15,11,-1,
3
0,-10,0,0,
15,40,0,0,
30,-10,0,0,
16,11,-1,
3
0,0,0,0,
15,30,0,0,
30,0,0,0,
17,11,-1,
3
0,0,0,0,
15,-60,0,0,
30,0,0,0,
18,11,-1,
3
0,0,0,0,
15,90,0,0,
30,0,0,0,
19,11,-1,
3
0,0,0,0,
15,60,0,0,
30,0,0,0,
20,11,-1,
3
0,0,0,0,
15,60,0,0,
30,0,0,0,
21,11,-1,
3
0,0,0,0,
15,30,0,0,
30,0,0,0,
22,11,-1,
3
0,0,0,0,
15,-60,0,0,
30,0,0,0,
24,11,-1,
3
0,-90,0,0,
15,30,0,0,
30,-90,0,0,
24,5,-1,
3
0,0,0,0,
15,2,0,0,
30,0,0,0,
25,11,-1,
3
0,90,0,0,
15,-30,0,0,
30,90,0,0,
25,5,-1,
3
0,0,0,0,
15,2,0,0,
30,0,0,0,
26,11,-1,
3
0,60,0,0,
15,-180,0,0,
30,60,0,0,
27,5,-1,
3
0,0,0,0,
15,-3,0,0,
30,0,0,0,
28,5,-1,
3
0,0,0,0,
15,-3,0,0,
30,0,0,0,
29,10,-1,
8
0,1000,0,0,
90,1000,0,0,
93,300,0,0,
94,1000,0,0,
96,1000,0,0,
97,300,0,0,
100,1000,0,0,
120,1000,0,0,
29,2,-1,
6
0,25,0,0,
93,25,0,0,
94,27,0,0,
96,27,0,0,
97,25,0,0,
120,25,0,0,
29,4,-1,
6
0,0,0,0,
93,0,0,0,
94,-6,0,0,
96,-6,0,0,
97,0,0,0,
120,0,0,0,
29,5,-1,
6
0,0,0,0,
93,0,0,0,
94,5,0,0,
96,5,0,0,
97,0,0,0,
120,0,0,0,
30,10,-1,
8
0,1000,0,0,
90,1000,0,0,
93,300,0,0,
94,1000,0,0,
96,1000,0,0,
97,300,0,0,
100,1000,0,0,
120,1000,0,0,
30,2,-1,
6
0,26,0,0,
93,26,0,0,
94,28,0,0,
96,28,0,0,
97,26,0,0,
120,26,0,0,
30,4,-1,
6
0,0,0,0,
93,0,0,0,
94,-4,0,0,
96,-4,0,0,
97,0,0,0,
120,0,0,0,
30,5,-1,
6
0,0,0,0,
93,0,0,0,
94,7,0,0,
96,7,0,0,
97,0,0,0,
120,0,0,0,
35,10,-1,
3
0,1000,0,0,
15,750,0,0,
30,1000,0,0,
36,11,-1,
3
0,0,0,0,
15,90,0,0,
30,0,0,0,
36,5,-1,
3
0,0,0,0,
15,1,0,0,
30,0,0,0,
37,11,-1,
3
0,0,0,0,
15,60,0,0,
30,0,0,0,
40,11,-1,
3
0,0,0,0,
15,15,0,0,
30,0,0,0,
41,11,-1,
3
0,0,0,0,
15,-150,0,0,
30,0,0,0,
43,11,-1,
3
0,0,0,0,
15,-90,0,0,
30,0,0,0,
43,5,-1,
3
0,0,0,0,
15,1,0,0,
30,0,0,0,
44,11,-1,
3
0,0,0,0,
30,-90,0,0,
60,0,0,0,
50,11,-1,
3
0,0,0,0,
15,30,0,0,
30,0,0,0,
51,11,-1,
3
0,0,0,0,
15,-50,0,0,
30,0,0,0,
52,11,-1,
3
0,0,0,0,
15,-20,0,0,
30,0,0,0,
54,11,-1,
3
0,0,0,0,
15,-15,0,0,
30,0,0,0,
55,2,-1,
3
0,41,0,0,
8,42,0,0,
16,41,0,0,
55,11,-1,
3
0,-300,0,0,
8,180,0,0,
16,-300,0,0,
55,5,-1,
3
0,0,0,0,
8,10,0,0,
16,0,0,0,
