[mamodel]
3
10
-1,-1,0,0,0,0,29,0,1790,1790,0,1000,0,000.png
0,0,0,0,0,0,0,0,1000,1000,0,1000,0,chr_shadom
1,8,1,1,0,0,30,2,1000,1000,0,1000,0,001_shadow.png<color=9>
0,8,0,0,-2,0,0,0,1000,1000,0,1000,0,chr_anybd<color=9>
3,0,0,0,0,0,0,0,1000,1000,0,1000,0,chr_dummy<color=9>
4,8,2,2,0,-38,34,39,1000,1000,0,1000,0,002_body.png<color=0>
3,0,2,4,0,0,75,77,600,600,0,1000,0,003_s
4,0,2,3,0,0,5,77,800,800,0,1000,0,004_m
1,0,1,0,0,0,75,0,600,600,0,1000,0,005_ss
1,0,1,0,0,0,0,1,800,800,0,1000,0,006_sm
1000,3600,1000
2
0,0,0,0,5,0,000.png
0,0,0,0,5,0,000.png
