[maanim]
1
5
1,4,1,0,0,001_shadow.png<color=9>
6
0,0,0,0,
4,-32,2,2,
8,0,0,0,
12,20,0,0,
27,20,0,0,
32,0,0,0,
2,4,1,0,0,chr_dummy<color=9>
3
0,0,0,0,
1,-4,2,-2,
3,0,0,0,
3,11,1,0,0,chr_dummy<color=9>
21
0,0,0,0,
4,-900,0,0,
8,0,0,0,
12,900,0,0,
16,1200,0,0,
19,1250,0,0,
22,1200,0,0,
32,300,0,0,
34,200,0,0,
36,120,0,0,
38,55,0,0,
40,0,2,-2,
50,-150,2,2,
61,0,2,-2,
75,100,2,2,
95,0,2,-2,
120,-80,2,2,
150,0,2,-2,
180,120,2,-2,
190,125,0,0,
191,0,0,0,
3,7,-1,0,0,
1
0,30,0,0,
3,5,-1,0,0,
15
0,30,4,0,
2,20,4,0,
4,5,0,0,
6,20,0,0,
8,30,4,0,
10,20,0,0,
12,0,4,0,
14,-5,0,0,
16,-15,4,0,
21,-15,0,0,
24,-5,0,0,
30,19,0,0,
32,22,0,0,
36,27,0,0,
191,28,0,0,
