[maanim]
1
43
1,5,-1,跳跃烟雾
5
0,0,0,0,
11,0,0,0,
12,-20,0,0,
15,0,0,0,
40,0,0,0,
1,12,-1,
5
0,0,0,0,
11,0,0,0,
12,1000,0,0,
18,0,0,0,
40,0,0,0,
2,4,-1,挥击动画
1
0,60,0,0,
2,5,-1,
1
0,-10,0,0,
2,12,-1,
5
0,0,0,0,
20,0,0,0,
21,1000,0,0,
29,0,0,0,
40,0,0,0,
3,12,-1,破土动画
5
0,0,0,0,
24,0,0,0,
25,1000,0,0,
35,0,0,0,
40,0,0,0,
3,8,-1,
5
0,0,0,0,
24,0,0,0,
25,2000,0,0,
35,2500,0,0,
40,2500,0,0,
4,4,-1,烟尘
0
5,12,-1,
6
0,1000,0,0,
19,1000,0,0,
20,0,0,0,
34,0,0,0,
35,1000,0,0,
40,1000,0,0,
8,8,-1,
5
0,0,0,0,
2,300,0,0,
9,1000,0,0,
10,0,0,0,
40,0,0,0,
8,5,-1,
3
0,0,0,0,
2,-5,0,0,
4,0,0,0,
22,12,-1,
6
0,0,0,0,
19,0,0,0,
20,1000,0,0,
34,1000,0,0,
35,0,0,0,
40,0,0,0,
22,5,-1,
6
0,0,0,0,
20,-40,0,0,
25,0,0,0,
27,5,0,0,
29,0,0,0,
40,0,0,0,
22,4,-1,
5
0,0,0,0,
20,0,0,0,
25,20,0,0,
35,20,0,0,
40,0,0,0,
24,11,-1,攻击左手
5
0,0,0,0,
19,0,0,0,
20,-900,0,0,
25,0,0,0,
40,0,0,0,
24,5,-1,
6
0,0,0,0,
20,0,0,0,
25,10,0,0,
27,5,0,0,
29,10,0,0,
40,10,0,0,
26,11,-1,攻击右手
5
0,0,0,0,
19,0,0,0,
20,-900,0,0,
25,0,0,0,
40,0,0,0,
26,5,-1,
6
0,0,0,0,
20,0,0,0,
25,15,0,0,
27,10,0,0,
29,15,0,0,
40,15,0,0,
28,5,-1,头部
0
31,5,-1,
5
0,0,0,0,
25,0,0,0,
27,-5,0,0,
29,0,0,0,
40,0,0,0,
32,5,-1,
5
0,0,0,0,
25,0,0,0,
27,-5,0,0,
29,0,0,0,
40,0,0,0,
33,11,-1,
1
0,300,0,0,
5,5,-1,
8
0,0,0,0,
5,7,0,0,
9,0,0,0,
12,-40,0,0,
25,-50,0,0,
30,0,0,0,
38,-10,0,0,
40,0,0,0,
5,4,-1,
7
0,0,0,0,
9,0,0,0,
12,10,0,0,
20,25,0,0,
24,30,0,0,
35,30,0,0,
40,0,0,0,
34,4,-1,
7
0,0,0,0,
9,0,0,0,
12,10,0,0,
20,20,0,0,
24,25,0,0,
35,25,0,0,
40,0,0,0,
7,11,-1,左胳膊
8
0,0,0,0,
5,-150,0,0,
7,-150,0,0,
9,0,0,0,
10,-300,0,0,
20,150,0,0,
35,-150,0,0,
40,0,0,0,
7,10,-1,
7
0,1000,0,0,
9,1000,0,0,
10,-1000,0,0,
13,-1000,0,0,
34,-1000,0,0,
35,1000,0,0,
40,1000,0,0,
9,11,-1,
8
0,0,0,0,
5,-100,0,0,
7,-100,0,0,
9,0,0,0,
10,-300,0,0,
20,150,0,0,
35,-100,0,0,
40,0,0,0,
7,2,-1,
6
0,3,0,0,
9,3,0,0,
10,24,0,0,
34,24,0,0,
35,3,0,0,
40,3,0,0,
10,11,-1,右胳膊
8
0,0,0,0,
5,150,0,0,
7,150,0,0,
9,0,0,0,
10,600,0,0,
20,150,0,0,
35,200,0,0,
40,0,0,0,
10,10,-1,
7
0,1000,0,0,
9,1000,0,0,
10,-1000,0,0,
13,-1000,0,0,
34,-1000,0,0,
35,1000,0,0,
40,1000,0,0,
11,11,-1,
7
0,0,0,0,
5,150,0,0,
7,150,0,0,
9,0,0,0,
10,0,0,0,
20,0,0,0,
40,0,0,0,
11,3,-1,
6
0,0,0,0,
9,0,0,0,
10,10,0,0,
29,10,0,0,
30,0,0,0,
40,0,0,0,
12,11,-1,
4
0,0,0,0,
5,-60,0,0,
19,200,0,0,
40,0,0,0,
12,4,-1,
4
0,0,0,0,
9,0,0,0,
10,3,0,0,
40,3,0,0,
13,2,-1,
6
0,8,0,0,
9,8,0,0,
10,9,0,0,
30,9,0,0,
31,8,0,0,
40,8,0,0,
15,11,-1,
4
0,0,0,0,
5,-300,0,0,
19,150,0,0,
40,0,0,0,
20,5,-1,待机脚1
4
0,0,0,0,
5,-7,0,0,
9,0,0,0,
40,0,0,0,
20,11,-1,
4
0,0,0,0,
5,120,0,0,
9,120,0,0,
40,0,0,0,
21,5,-1,2
4
0,0,0,0,
5,-7,0,0,
9,0,0,0,
40,0,0,0,
21,11,-1,
4
0,0,0,0,
5,-200,0,0,
9,-200,0,0,
40,0,0,0,
16,12,-1,
1
0,0,0,0,
18,12,-1,
1
0,0,0,0,
