[maanim]
1
31
1,4,1,
8
0,0,2,2,
15,-11,2,-2,
29,-24,2,1,
32,36,0,0,
33,41,0,0,
34,14,2,-2,
36,11,0,0,
87,0,0,0,
1,5,1,
8
0,0,2,2,
15,-12,2,-2,
29,-24,2,1,
32,36,1,0,
33,40,1,0,
34,14,2,-2,
36,11,0,0,
87,0,0,0,
2,5,1,
8
0,0,2,2,
15,12,2,-2,
29,24,2,1,
32,-36,0,0,
33,-40,0,0,
34,-14,2,-2,
36,-11,0,0,
87,0,0,0,
3,5,1,
13
0,0,2,2,
4,4,2,-1,
10,0,2,2,
14,4,2,-1,
20,0,2,2,
24,4,2,-1,
30,0,2,2,
36,4,2,-1,
48,0,2,2,
56,4,2,-1,
68,0,2,2,
76,4,2,-1,
87,0,0,0,
3,11,1,
6
0,0,1,0,
30,20,1,0,
31,100,1,0,
32,240,1,0,
34,40,2,-2,
36,0,0,0,
5,11,1,
8
0,0,2,2,
15,48,2,-2,
29,96,2,1,
32,-250,0,0,
33,-300,0,0,
34,96,2,-2,
36,48,2,-2,
67,0,0,0,
6,11,1,
8
0,0,2,2,
15,48,2,-2,
29,96,2,1,
32,-250,0,0,
33,-300,0,0,
34,96,2,-2,
36,48,2,-2,
67,0,0,0,
7,11,1,
8
0,0,2,2,
15,-48,2,-2,
29,-96,2,1,
32,250,0,0,
33,300,0,0,
34,-48,2,-2,
36,-24,2,-2,
47,0,0,0,
8,11,1,
8
0,0,2,2,
15,-48,2,-2,
29,-96,2,1,
32,250,0,0,
33,300,0,0,
34,-48,2,-2,
36,-24,2,-2,
47,0,0,0,
9,11,1,
8
0,0,2,2,
15,-48,2,-2,
29,-96,2,1,
32,250,0,0,
33,300,0,0,
34,-48,2,-2,
36,-24,2,-2,
47,0,0,0,
10,11,1,
8
0,0,2,2,
15,-48,2,-2,
29,-96,2,1,
32,250,0,0,
33,300,0,0,
34,-48,2,-2,
36,-24,2,-2,
47,0,0,0,
11,11,1,
8
0,0,2,2,
15,-48,2,-2,
29,-96,2,1,
32,250,0,0,
33,300,0,0,
34,-48,2,-2,
36,-24,2,-2,
47,0,0,0,
12,12,1,
12
0,1000,1,0,
2,0,1,0,
10,1000,1,0,
12,0,1,0,
20,1000,1,0,
22,0,1,0,
30,1000,1,0,
34,0,1,0,
48,1000,1,0,
52,0,1,0,
68,1000,1,0,
72,0,1,0,
13,12,1,
13
0,0,1,0,
2,1000,1,0,
4,0,1,0,
12,1000,1,0,
14,0,1,0,
22,1000,1,0,
24,0,1,0,
34,1000,1,0,
36,0,1,0,
52,1000,1,0,
56,0,1,0,
72,1000,1,0,
76,0,1,0,
14,12,1,
13
0,0,1,0,
4,1000,1,0,
8,0,1,0,
14,1000,1,0,
18,0,1,0,
24,1000,1,0,
28,0,1,0,
36,1000,1,0,
44,0,1,0,
56,1000,1,0,
64,0,1,0,
76,1000,1,0,
84,0,1,0,
14,5,1,
12
0,0,1,0,
6,-6,1,0,
14,0,1,0,
16,-6,1,0,
24,0,1,0,
26,-6,1,0,
36,0,1,0,
40,-6,1,0,
56,0,1,0,
60,-6,1,0,
76,0,1,0,
80,-6,1,0,
15,12,1,
12
0,1000,1,0,
6,0,1,0,
14,1000,1,0,
16,0,1,0,
24,1000,1,0,
26,0,1,0,
36,1000,1,0,
40,0,1,0,
56,1000,1,0,
60,0,1,0,
76,1000,1,0,
80,0,1,0,
16,12,1,
13
0,1000,1,0,
4,0,1,0,
6,1000,1,0,
14,0,1,0,
16,1000,1,0,
24,0,1,0,
26,1000,1,0,
36,0,1,0,
40,1000,1,0,
56,0,1,0,
60,1000,1,0,
76,0,1,0,
80,1000,1,0,
19,5,1,
12
0,0,1,0,
6,-8,1,0,
14,0,1,0,
16,-8,1,0,
24,0,1,0,
26,-8,1,0,
36,0,1,0,
40,-8,1,0,
56,0,1,0,
60,-8,1,0,
76,0,1,0,
80,-8,1,0,
19,11,1,
12
0,0,1,0,
6,80,1,0,
14,0,1,0,
16,80,1,0,
24,0,1,0,
26,80,1,0,
36,0,1,0,
40,80,1,0,
56,0,1,0,
60,80,1,0,
76,0,1,0,
80,80,1,0,
19,12,1,
13
0,0,1,0,
4,1000,1,0,
8,0,1,0,
14,1000,1,0,
18,0,1,0,
24,1000,1,0,
28,0,1,0,
36,1000,1,0,
44,0,1,0,
56,1000,1,0,
64,0,1,0,
76,1000,1,0,
84,0,1,0,
20,12,1,
13
0,0,1,0,
8,1000,1,0,
10,0,1,0,
18,1000,1,0,
20,0,1,0,
28,1000,1,0,
30,0,1,0,
44,1000,1,0,
48,0,1,0,
64,1000,1,0,
68,0,1,0,
84,1000,1,0,
87,1000,1,0,
21,9,1,
3
0,0,0,0,
32,1000,0,0,
33,1100,0,0,
21,12,1,
3
0,0,1,0,
32,1000,1,0,
34,0,1,0,
23,4,1,???????????????????????????????
12
0,-10,0,0,
4,-10,2,2,
10,5,0,0,
12,-15,2,2,
20,0,0,0,
22,-30,2,2,
30,-15,2,2,
32,0,2,-2,
54,0,2,2,
62,15,0,0,
74,0,2,2,
82,20,0,0,
23,5,1,
14
0,10,0,0,
4,10,2,1,
10,40,0,0,
12,10,2,1,
20,40,0,0,
22,0,2,1,
30,40,2,2,
32,0,2,-2,
36,-10,2,1,
42,0,0,0,
54,30,2,2,
62,70,0,0,
74,30,2,2,
82,60,0,0,
23,53,1,
13
0,1100,0,0,
2,1100,2,2,
10,1600,0,0,
12,1100,2,2,
20,1600,0,0,
22,1100,2,2,
30,1300,2,2,
32,1600,2,-2,
42,1800,0,0,
54,1100,2,2,
62,1600,0,0,
74,1100,2,2,
82,1600,0,0,
23,12,1,
18
0,0,0,0,
2,0,2,2,
4,784,0,0,
10,0,0,0,
12,0,2,2,
14,784,0,0,
20,0,0,0,
22,0,2,2,
24,784,0,0,
30,0,1,0,
32,588,2,-2,
38,0,0,0,
54,0,2,2,
56,784,0,0,
62,0,0,0,
74,0,2,2,
76,784,0,0,
82,0,0,0,
25,12,1,???????????????????????????????
3
0,0,1,0,
32,1000,2,-2,
48,0,0,0,
25,5,1,
3
0,0,1,0,
32,0,2,-2,
50,10,0,0,
25,53,1,
3
0,0,1,0,
32,1000,2,-2,
50,1500,0,0,
