[maanim]
1
27
1,5,-1,
3
0,0,2,2,
8,7,2,-1,
20,0,0,0,
2,5,-1,
3
0,0,2,2,
8,-7,2,-1,
20,0,0,0,
12,12,-1,
3
0,1000,1,0,
4,0,1,0,
20,1000,1,0,
13,12,-1,
4
0,0,1,0,
4,1000,1,0,
8,0,0,0,
20,0,0,0,
14,12,-1,
4
0,0,1,0,
8,1000,1,0,
16,0,0,0,
20,0,0,0,
14,5,-1,
3
0,0,1,0,
12,-6,1,0,
20,0,1,0,
15,12,-1,
3
0,1000,1,0,
12,0,0,0,
20,0,0,0,
16,12,-1,
3
0,0,1,0,
12,1000,1,0,
20,0,0,0,
19,5,-1,
3
0,0,1,0,
12,-8,1,0,
20,0,1,0,
19,11,-1,
3
0,0,1,0,
12,80,1,0,
20,0,1,0,
19,12,-1,
4
0,0,1,0,
8,1000,1,0,
16,0,0,0,
20,0,0,0,
20,12,-1,
3
0,0,1,0,
16,1000,1,0,
20,0,0,0,
4,11,-1,
3
0,0,2,3,
8,40,2,-3,
20,0,0,0,
5,11,-1,
3
0,-50,0,0,
2,-100,0,0,
4,-50,0,0,
6,11,-1,
3
0,-50,0,0,
2,-100,0,0,
4,-50,0,0,
7,11,-1,
3
0,100,0,0,
2,50,0,0,
4,100,0,0,
8,11,-1,
3
0,100,0,0,
2,50,0,0,
4,100,0,0,
9,11,-1,
3
0,100,0,0,
2,50,0,0,
4,100,0,0,
10,11,-1,
3
0,100,0,0,
2,50,0,0,
4,100,0,0,
11,11,-1,
3
0,100,0,0,
2,50,0,0,
4,100,0,0,
21,12,1,
1
0,0,0,0,
23,4,-1,???????????????????????????????
4
0,0,2,-1,
6,0,0,0,
8,-5,2,-1,
20,-40,0,0,
23,5,-1,
3
0,0,2,-1,
10,0,2,-2,
20,-5,0,0,
23,53,-1,
3
0,1000,0,0,
8,1100,2,-1,
20,1200,0,0,
23,12,-1,
4
0,0,0,0,
5,0,2,1,
8,784,2,-1,
20,0,0,0,
24,53,-1,???????????????????????????????
3
0,1000,0,0,
8,1050,2,-1,
20,1200,0,0,
25,12,-1,???????????????????????????????
1
0,0,0,0,
