[maanim]
1
30
1,5,1,0,0,
4
0,0,1,0,
8,1,1,0,
10,-1,1,0,
12,0,1,0,
2,5,1,0,0,
5
0,0,0,0,
6,0,1,0,
8,1,1,0,
10,-1,1,0,
12,0,1,0,
2,11,1,0,0,
4
0,0,0,0,
2,-10,0,0,
5,0,0,0,
6,350,2,-1,
3,2,1,0,0,
3
0,3,1,0,
2,4,1,0,
4,3,1,0,
3,4,1,0,0,
2
0,0,1,0,
6,-7,1,0,
3,5,1,0,0,
3
0,3,1,0,
6,16,1,0,
15,16,1,0,
4,2,1,0,0,
2
0,15,1,0,
6,5,1,0,
4,4,1,0,0,
4
0,3,1,0,
2,4,1,0,
4,3,1,0,
6,2,1,0,
4,5,1,0,0,
3
0,-2,0,0,
5,-2,0,0,
6,10,1,0,
4,11,1,0,0,
3
0,0,0,0,
5,0,0,0,
6,-500,0,0,
5,2,1,0,0,
2
0,15,1,0,
6,5,1,0,
5,4,1,0,0,
3
0,10,0,0,
5,10,0,0,
6,3,0,0,
5,5,1,0,0,
3
0,-3,0,0,
5,-3,0,0,
6,3,0,0,
5,11,1,0,0,
3
0,0,0,0,
5,0,0,0,
6,-500,0,0,
6,12,1,0,0,
1
0,0,0,0,
7,12,1,0,0,
1
0,0,0,0,
9,12,1,0,0,
1
0,0,0,0,
10,12,1,0,0,
1
0,0,0,0,
11,12,1,0,0,
2
0,1000,1,0,
6,0,1,0,
12,12,1,0,0,
2
0,1000,1,0,
6,0,1,0,
13,12,1,0,0,
2
0,0,1,0,
6,1000,1,0,
14,12,1,0,0,
2
0,0,1,0,
6,1000,1,0,
16,12,1,0,0,
3
0,0,1,0,
6,1000,1,0,
8,0,1,0,
17,12,1,0,0,
3
0,0,1,0,
6,1000,1,0,
8,0,1,0,
18,5,1,0,0,
3
0,0,1,0,
6,0,1,0,
8,-6,1,0,
18,12,1,0,0,
3
0,0,1,0,
6,1000,1,0,
10,0,1,0,
19,12,1,0,0,
3
0,0,1,0,
8,1000,1,0,
10,0,1,0,
20,12,1,0,0,
3
0,0,1,0,
10,1000,1,0,
12,0,1,0,
13,5,1,0,0,
2
0,0,0,0,
6,2,0,0,
14,5,1,0,0,
2
0,0,0,0,
6,2,0,0,
