[maanim]
1
32
9,11,-1,0,0,
3
0,0,0,0,
4,10,0,0,
10,-10,0,0,
19,11,-1,0,0,
3
0,0,2,-2,
20,70,2,-2,
50,0,2,-2,
0,10,-1,0,0,全
3
0,1000,2,-2,
20,950,2,-2,
50,1000,2,-2,
17,11,-1,0,0,
4
0,0,2,-2,
20,69,2,-2,
50,200,2,-2,
70,0,2,-2,
17,10,-1,0,0,
3
0,1000,2,-2,
20,880,2,-2,
50,1000,2,-2,
11,10,-1,0,0,
3
0,1000,2,-2,
20,900,2,-2,
50,1000,2,-2,
24,12,-1,0,0,光
3
0,0,0,0,
20,1000,0,0,
30,0,0,0,
24,11,-1,0,0,
3
0,0,2,-2,
10,100,2,-2,
20,2,2,-2,
25,11,-1,0,0,剑
3
0,0,2,-2,
10,100,2,-2,
20,2,2,-2,
25,7,-1,0,0,剑1
3
0,0,2,-2,
10,10,2,-2,
20,0,2,-2,
18,11,-1,0,0,左耳
3
0,0,2,-2,
20,-70,2,-2,
50,3,2,-2,
15,11,-1,0,0,
6
0,0,0,0,
0,0,0,0,
10,10,0,0,
20,-50,0,0,
30,-90,0,0,
70,0,0,0,
14,11,-1,0,0,
5
0,0,0,0,
10,10,0,0,
20,-50,0,0,
30,-90,0,0,
70,0,0,0,
10,6,-1,0,0,上衣
4
0,0,0,0,
5,2,0,0,
10,-2,0,0,
20,0,0,0,
10,7,-1,0,0,上衣2
3
0,0,0,0,
3,2,0,0,
10,0,0,0,
12,11,-1,0,0,前发
6
0,0,0,0,
5,20,0,0,
10,-20,0,0,
15,0,0,0,
20,-10,0,0,
25,0,0,0,
16,11,-1,0,0,后发
6
0,0,0,0,
5,10,0,0,
10,100,0,0,
30,2,0,0,
50,-100,0,0,
70,0,0,0,
16,6,-1,0,0,
5
0,0,2,-2,
3,5,2,-2,
10,-10,2,-2,
30,9,2,-2,
70,0,2,-2,
6,11,-1,0,0,右手
3
0,0,2,-2,
10,100,2,-2,
20,2,2,-2,
5,11,-1,0,0,左手
3
0,-200,2,-2,
10,0,2,-2,
20,-100,0,0,
4,11,-1,0,0,群
5
0,0,2,-2,
5,10,2,-2,
10,-10,2,-2,
15,10,2,-2,
20,0,2,-2,
4,7,-1,0,0,裙1
3
0,0,0,0,
4,3,0,0,
10,0,0,0,
4,6,-1,0,0,裙2
6
0,0,0,0,
5,-2,0,0,
8,3,0,0,
10,0,0,0,
16,-5,0,0,
20,0,0,0,
20,11,-1,0,0,尾
3
0,0,2,-2,
5,-200,2,-2,
15,10,2,-2,
20,7,-1,0,0,
4
0,0,0,0,
3,9,0,0,
10,10,0,0,
0,0,0,0,
22,2,-1,0,0,
3
0,0,1,0,
20,22,1,0,
50,22,1,0,
21,2,-1,0,0,
3
0,23,1,0,
20,0,1,0,
50,0,1,0,
3,11,-1,0,0,右脚1
4
0,-200,2,-2,
5,-100,2,-2,
10,50,2,-2,
20,100,2,-2,
3,6,-1,0,0,
4
0,-10,2,-2,
5,10,2,-2,
10,5,2,-2,
20,10,2,-2,
2,11,-1,0,0,左脚1
4
0,0,2,-2,
5,100,2,-2,
10,-50,2,-2,
20,-200,2,-2,
2,6,-1,0,0,
4
0,0,2,-2,
5,5,2,-2,
10,10,2,-2,
20,-10,2,-2,
23,12,-1,0,0,
1
0,0,0,0,
