[maanim]
1
11
1,2,1,攻撃
6
0,6,1,0,
4,7,1,0,
6,8,1,0,
8,9,1,0,
10,10,1,0,
11,10,1,0,
1,5,1,攻撃
6
0,8,1,0,
4,11,1,0,
6,0,1,0,
8,13,1,0,
10,13,1,0,
11,13,1,0,
1,11,1,
5
0,0,1,0,
4,0,1,0,
6,0,1,0,
8,900,1,0,
11,900,1,0,
1,7,1,
5
0,0,1,0,
4,0,1,0,
6,-10,1,0,
8,49,1,0,
11,49,1,0,
1,6,1,
5
0,9,1,0,
4,14,1,0,
6,99,1,0,
8,0,1,0,
11,0,1,0,
2,4,1,
2
0,0,1,0,
6,39,0,0,
2,5,1,
2
0,0,1,0,
6,-3,0,0,
2,2,1,
5
0,14,1,0,
4,14,1,0,
6,13,1,0,
8,14,1,0,
11,14,1,0,
2,11,1,
5
0,0,1,0,
4,0,1,0,
6,-900,1,0,
8,0,1,0,
11,0,1,0,
2,6,1,
5
0,0,1,0,
4,0,1,0,
6,138,1,0,
8,0,1,0,
11,0,1,0,
2,7,1,
5
0,0,1,0,
4,0,1,0,
6,-162,1,0,
8,0,1,0,
11,0,1,0,
