[maanim]
1
10
2,5,-1,-1000,1000,
3
0,0,1,0,
4,1,1,0,
8,0,1,0,
3,11,-1,0,0,
5
0,0,3,0,
4,-200,3,0,
8,50,3,0,
12,100,3,0,
16,0,3,0,
5,2,-1,0,0,
3
0,5,1,0,
4,13,1,0,
8,5,1,0,
5,6,-1,0,0,
3
0,0,1,0,
4,1,1,0,
8,0,1,0,
6,2,-1,0,0,
5
0,6,1,0,
4,7,1,0,
8,6,1,0,
12,8,1,0,
16,6,1,0,
6,4,-1,0,0,
5
0,0,1,0,
4,2,1,0,
8,0,1,0,
12,1,1,0,
16,0,1,0,
6,5,-1,0,0,
5
0,0,1,0,
4,2,1,0,
8,0,1,0,
12,2,1,0,
16,0,1,0,
7,11,-1,0,0,
3
0,0,0,0,
4,-50,0,0,
8,0,0,0,
8,11,-1,0,0,
3
0,0,0,0,
4,50,0,0,
8,0,0,0,
12,2,-1,0,0,
3
0,0,1,0,
4,22,1,0,
8,0,1,0,
