[maanim]
1
8
4,12,1,
2
0,0,0,0,
30,0,0,0,
8,12,1,
2
0,0,0,0,
30,0,0,0,
1,2,-1,
7
0,4,1,0,
5,5,1,0,
10,6,1,0,
15,7,1,0,
20,8,1,0,
25,9,1,0,
30,4,1,0,
1,4,-1,
7
0,30,1,0,
5,40,1,0,
10,27,1,0,
15,5,1,0,
20,10,1,0,
25,17,1,0,
30,30,1,0,
1,5,-1,
7
0,0,1,0,
5,2,1,0,
10,5,1,0,
15,0,1,0,
20,5,1,0,
25,50,1,0,
30,0,1,0,
2,4,-1,
7
0,-15,1,0,
5,-15,1,0,
10,0,1,0,
15,27,1,0,
20,11,1,0,
25,-2,1,0,
30,-7,1,0,
2,5,-1,
7
0,7,1,0,
5,6,1,0,
10,5,1,0,
15,6,1,0,
20,7,1,0,
25,-44,1,0,
30,6,1,0,
2,2,-1,
7
0,0,1,0,
5,0,1,0,
10,0,1,0,
15,0,1,0,
20,0,1,0,
25,0,1,0,
30,0,1,0,
