[maanim]
1
21
1,12,-1,
1
0,0,0,0,
5,12,-1,
1
0,0,0,0,
16,12,-1,
1
0,0,0,0,
20,12,-1,
1
0,0,0,0,
13,12,-1,
1
0,0,0,0,
9,5,-1,
3
0,0,0,0,
15,3,0,0,
30,0,0,0,
9,11,-1,
1
0,60,0,0,
10,11,-1,
1
0,-90,0,0,
10,5,-1,
3
0,0,0,0,
15,2,0,0,
30,0,0,0,
11,11,-1,
3
0,0,0,0,
15,90,0,0,
30,0,0,0,
12,11,-1,
3
0,0,0,0,
15,-90,0,0,
30,0,0,0,
19,11,-1,
3
0,300,0,0,
15,360,0,0,
30,300,0,0,
21,11,-1,1
3
0,0,0,0,
2,150,0,0,
4,0,0,0,
22,11,-1,2
3
0,0,0,0,
2,-150,0,0,
4,0,0,0,
23,11,-1,3
3
0,-150,0,0,
2,-300,0,0,
4,-150,0,0,
23,5,-1,
1
0,-10,0,0,
23,4,-1,
1
0,-10,0,0,
24,11,-1,4
3
0,-150,0,0,
2,0,0,0,
4,-150,0,0,
24,5,-1,
1
0,-5,0,0,
24,4,-1,
1
0,-9,0,0,
25,12,-1,
1
0,0,0,0,
