[maanim]
1
47
1,5,-1,
0
2,12,-1,
6
0,0,0,0,
13,0,0,0,
14,1000,0,0,
18,1000,0,0,
25,0,0,0,
35,0,0,0,
2,10,-1,
5
0,0,0,0,
14,300,0,0,
18,1000,0,0,
25,300,0,0,
35,0,0,0,
2,9,-1,
5
0,0,0,0,
14,1000,0,0,
18,1000,0,0,
25,1300,0,0,
35,1300,0,0,
3,12,-1,
6
0,0,0,0,
14,0,0,0,
15,1000,0,0,
19,1000,0,0,
26,0,0,0,
35,0,0,0,
3,10,-1,
5
0,0,0,0,
15,300,0,0,
19,1000,0,0,
26,300,0,0,
35,0,0,0,
3,9,-1,
5
0,0,0,0,
15,1000,0,0,
19,1000,0,0,
26,1300,0,0,
35,1300,0,0,
4,12,-1,
6
0,0,0,0,
15,0,0,0,
16,1000,0,0,
20,1000,0,0,
27,0,0,0,
35,0,0,0,
4,10,-1,
5
0,0,0,0,
16,300,0,0,
20,1000,0,0,
27,300,0,0,
35,0,0,0,
4,9,-1,
5
0,0,0,0,
16,1000,0,0,
20,1000,0,0,
27,1300,0,0,
35,1300,0,0,
5,12,-1,
6
0,0,0,0,
8,0,0,0,
9,1000,0,0,
17,1000,0,0,
24,0,0,0,
35,0,0,0,
6,4,-1,
4
0,0,0,0,
9,-60,0,0,
14,0,0,0,
35,0,0,0,
6,5,-1,
4
0,0,0,0,
9,-75,0,0,
14,0,0,0,
35,0,0,0,
7,4,-1,
4
0,0,0,0,
10,-160,0,0,
15,0,0,0,
35,0,0,0,
7,5,-1,
4
0,0,0,0,
10,-90,0,0,
15,0,0,0,
35,0,0,0,
8,4,-1,
4
0,0,0,0,
11,-290,0,0,
16,0,0,0,
35,0,0,0,
8,5,-1,
4
0,0,0,0,
11,-100,0,0,
16,0,0,0,
35,0,0,0,
20,12,-1,
7
0,0,0,0,
8,0,0,0,
9,1000,0,0,
10,1000,0,0,
11,1000,0,0,
12,0,0,0,
35,0,0,0,
20,2,-1,
3
0,11,0,0,
1,12,0,0,
2,11,0,0,
9,12,-1,主身子
7
0,1000,0,0,
1,1000,0,0,
2,0,0,0,
8,0,0,0,
9,1000,0,0,
11,1000,0,0,
35,1000,0,0,
9,5,-1,
4
0,0,0,0,
5,-20,0,0,
25,-20,0,0,
35,0,0,0,
37,9,-1,
4
0,1000,0,0,
5,800,0,0,
25,800,0,0,
35,1000,0,0,
25,5,-1,
4
0,0,0,0,
5,-20,0,0,
25,-20,0,0,
35,0,0,0,
9,10,-1,
5
0,1000,0,0,
9,1000,0,0,
11,1100,0,0,
15,1000,0,0,
35,1000,0,0,
19,10,-1,
5
0,1000,0,0,
9,1000,0,0,
11,1100,0,0,
15,1000,0,0,
35,1000,0,0,
9,4,-1,
5
0,0,0,0,
8,15,0,0,
12,0,0,0,
20,0,0,0,
35,0,0,0,
10,12,-1,头1
7
0,1000,0,0,
8,1000,0,0,
9,0,0,0,
11,0,0,0,
12,0,0,0,
13,1000,0,0,
35,1000,0,0,
10,11,-1,
4
0,0,0,0,
2,60,0,0,
11,0,0,0,
35,0,0,0,
13,12,-1,头2
7
0,0,0,0,
8,0,0,0,
9,1000,0,0,
11,1000,0,0,
12,1000,0,0,
13,0,0,0,
35,0,0,0,
13,9,-1,
4
0,1000,0,0,
9,1100,0,0,
12,1000,0,0,
35,1000,0,0,
13,11,-1,
5
0,0,0,0,
9,0,0,0,
12,150,0,0,
13,0,0,0,
35,0,0,0,
19,11,-1,
7
0,0,0,0,
1,-60,0,0,
2,0,0,0,
9,-300,0,0,
11,-200,0,0,
15,0,0,0,
35,0,0,0,
21,11,-1,1
3
0,0,0,0,
2,150,0,0,
4,0,0,0,
22,11,-1,2
3
0,0,0,0,
2,-150,0,0,
4,0,0,0,
23,11,-1,3
3
0,0,0,0,
2,150,0,0,
4,0,0,0,
24,11,-1,4
3
0,0,0,0,
2,-150,0,0,
4,0,0,0,
25,12,-1,主身子2
7
0,0,0,0,
1,0,0,0,
2,1000,0,0,
8,1000,0,0,
9,0,0,0,
11,0,0,0,
35,0,0,0,
26,12,-1,头1
5
0,1000,0,0,
5,1000,0,0,
6,0,0,0,
11,0,0,0,
35,0,0,0,
26,11,-1,
4
0,0,0,0,
5,60,0,0,
6,0,0,0,
35,0,0,0,
29,12,-1,头2
5
0,0,0,0,
5,0,0,0,
6,1000,0,0,
11,1000,0,0,
35,1000,0,0,
29,11,-1,
4
0,0,0,0,
6,-150,0,0,
11,0,0,0,
35,0,0,0,
32,11,-1,尾巴
5
0,0,0,0,
2,0,0,0,
4,60,0,0,
9,120,0,0,
35,60,0,0,
33,11,-1,
3
0,0,0,0,
2,150,0,0,
4,0,0,0,
34,11,-1,
3
0,0,0,0,
2,-150,0,0,
4,0,0,0,
35,11,-1,
3
0,0,0,0,
2,-150,0,0,
4,0,0,0,
36,11,-1,
3
0,0,0,0,
2,150,0,0,
4,0,0,0,
16,12,-1,
1
0,0,0,0,
