[maanim]
1
10
1,2,1,攻撃
14
0,1,1,0,
2,2,1,0,
4,1,1,0,
6,2,1,0,
8,3,1,0,
10,4,1,0,
12,5,1,0,
14,6,1,0,
16,0,1,0,
18,0,1,0,
20,0,1,0,
22,0,1,0,
24,0,1,0,
25,0,1,0,
1,4,1,
7
0,0,0,0,
7,0,1,0,
8,15,2,-3,
10,30,0,0,
11,32,2,-3,
15,32,2,-3,
24,0,0,0,
1,11,1,
7
0,0,0,0,
7,0,1,0,
8,30,2,-3,
10,60,0,0,
11,65,2,-3,
15,65,2,-3,
24,0,0,0,
2,2,1,
1
0,8,1,0,
3,2,1,
4
0,18,1,0,
8,9,1,0,
10,10,1,0,
12,18,0,0,
3,4,1,
3
0,0,0,0,
8,0,0,0,
11,-25,0,0,
3,5,1,
3
0,0,0,0,
8,0,2,-2,
11,60,0,0,
3,11,1,
3
0,0,1,0,
9,-50,2,-2,
11,-100,0,0,
4,2,1,
8
0,18,1,0,
12,11,1,0,
14,12,1,0,
16,13,1,0,
18,14,1,0,
20,15,1,0,
22,16,1,0,
24,17,1,0,
4,5,1,
2
0,0,1,0,
16,-170,0,0,
