[maanim]
1
28
8,12,-1,
1
0,0,0,0,
1,12,-1,
1
0,0,0,0,
2,12,-1,
1
0,0,0,0,
3,12,-1,
1
0,0,0,0,
4,12,-1,
1
0,0,0,0,
22,12,-1,
1
0,0,0,0,
5,5,-1,
3
0,0,0,0,
15,-2,0,0,
30,0,0,0,
6,5,-1,
3
0,0,0,0,
15,5,0,0,
30,0,0,0,
7,11,-1,左胳膊
3
0,15,0,0,
15,-30,0,0,
30,15,0,0,
7,5,-1,
3
0,0,0,0,
15,4,0,0,
30,0,0,0,
9,11,-1,
3
0,0,0,0,
15,-15,0,0,
30,0,0,0,
10,5,-1,右胳膊
3
0,0,0,0,
15,4,0,0,
30,0,0,0,
10,11,-1,
3
0,-15,0,0,
15,30,0,0,
30,-15,0,0,
11,11,-1,
3
0,0,0,0,
15,30,0,0,
30,0,0,0,
11,3,-1,
1
0,0,0,0,
12,5,-1,头部
3
0,0,0,0,
15,-4,0,0,
30,0,0,0,
12,11,-1,
3
0,0,0,0,
15,30,0,0,
30,0,0,0,
13,11,-1,
3
0,0,0,0,
15,-40,0,0,
30,0,0,0,
14,11,-1,
3
0,0,0,0,
15,90,0,0,
30,0,0,0,
15,11,-1,
3
0,0,0,0,
15,90,0,0,
30,0,0,0,
16,4,-1,左脚
3
0,0,0,0,
5,10,0,0,
30,0,0,0,
16,5,-1,
3
0,-15,0,0,
10,0,1,0,
30,-15,0,0,
17,11,-1,
4
0,-150,0,0,
4,0,0,0,
10,0,0,0,
30,-150,0,0,
18,4,-1,右脚
3
-15,-10,0,0,
-10,0,0,0,
15,-10,0,0,
18,5,-1,
3
-15,-15,0,0,
-5,0,1,0,
15,-15,0,0,
19,11,-1,
4
-15,-300,0,0,
-11,0,0,0,
-5,0,1,0,
15,-300,0,0,
20,12,-1,
1
0,0,0,0,
21,12,-1,
1
0,0,0,0,
