[maanim]
1
23
8,12,-1,
1
0,0,0,0,
1,12,-1,
1
0,0,0,0,
2,12,-1,
1
0,0,0,0,
3,12,-1,
1
0,0,0,0,
4,12,-1,
1
0,0,0,0,
22,12,-1,
1
0,0,0,0,
5,5,-1,
3
0,0,0,0,
15,5,0,0,
30,0,0,0,
6,5,-1,
3
0,0,0,0,
15,3,0,0,
30,0,0,0,
7,5,-1,
3
0,0,0,0,
15,2,0,0,
30,0,0,0,
7,11,-1,
3
0,0,0,0,
15,60,0,0,
30,0,0,0,
9,11,-1,
3
0,0,0,0,
15,30,0,0,
30,0,0,0,
10,5,-1,
3
0,0,0,0,
15,2,0,0,
30,0,0,0,
10,11,-1,
3
0,0,0,0,
15,-60,0,0,
30,0,0,0,
11,11,-1,
3
0,0,0,0,
15,-60,0,0,
30,0,0,0,
11,3,-1,
1
0,0,0,0,
12,11,-1,头部
3
0,0,0,0,
15,30,0,0,
30,0,0,0,
13,11,-1,
3
0,0,0,0,
15,30,0,0,
30,0,0,0,
14,11,-1,
3
0,0,0,0,
15,150,0,0,
30,0,0,0,
15,11,-1,
3
0,0,0,0,
15,150,0,0,
30,0,0,0,
20,5,-1,待机脚
3
0,0,0,0,
15,-5,0,0,
30,0,0,0,
21,5,-1,
3
0,0,0,0,
15,-5,0,0,
30,0,0,0,
16,12,-1,
1
0,0,0,0,
18,12,-1,
1
0,0,0,0,
