[mamodel]
3
24
-1,-1,0,0,0,0,170,-11,700,700,0,1000,0,ダミー親
0,6,0,6,0,0,161,15,1790,1790,0,1000,0,影　通常00
0,6,0,2,0,0,143,90,1790,1790,0,1000,0,本体00　上
0,6,0,1,0,0,141,34,1790,1790,0,1000,0,本体00　下
2,6,0,4,0,0,92,115,1000,1000,0,1000,0,椅子01
2,6,0,3,0,0,92,87,1000,1000,0,1000,0,椅子　影
2,6,0,5,0,0,82,117,1000,1000,0,1000,0,にゃんこ00
2,6,0,4,0,0,132,122,1000,1000,0,1000,0,傘00
2,6,0,3,0,0,113,80,1000,1000,0,1000,0,傘　影
0,6,0,4,0,0,127,227,1790,1790,0,1000,0,本体01　上
9,6,0,2,0,0,135,217,1000,1000,0,1000,0,本体01　中
0,6,0,3,0,0,143,61,1790,1790,0,1000,0,本体01　下
9,6,0,1,0,0,14,163,1000,1000,0,1000,0,にゃんこ01
9,6,0,1,0,0,8,209,1000,1000,0,1000,0,傘01
0,6,0,4,0,0,155,74,1790,1790,0,1000,0,本体02　上
0,6,0,3,0,0,155,23,1790,1790,0,1000,0,本体02　下
0,6,0,7,0,0,161,221,1790,1790,0,1000,0,本体01　エフェクト
0,6,0,6,0,0,8,181,1790,1790,0,1000,0,にゃんこ02
0,6,0,6,0,0,102,94,1790,1790,0,1000,0,にゃんこ03
14,6,0,5,0,0,146,103,1000,1000,0,1000,0,本体02　傘00
14,6,0,4,0,0,128,61,1000,1000,0,1000,0,本体02　傘　影
14,6,0,5,0,0,107,97,1000,1000,0,1000,0,本体02　椅子00
14,6,0,4,0,0,105,69,1000,1000,0,1000,0,本体02　椅子　影
0,6,0,7,0,0,99,214,1790,1790,0,1000,0,本体02　エフェクト効果01
1000,3600,1000
1
0,0,0,0,5,0,