[maanim]
1
19
2,2,1,0,0,
2
0,1,1,0,
14,14,1,0,
2,5,1,0,0,
7
0,2,2,-2,
2,4,2,2,
5,2,2,-4,
10,-40,2,4,
13,-30,1,0,
14,11,2,-2,
18,8,0,0,
2,6,1,0,0,
2
0,0,1,0,
14,3,1,0,
2,9,1,0,0,
6
0,1000,2,-2,
2,1100,2,2,
6,850,0,0,
9,1000,1,0,
14,1300,2,-2,
18,1000,0,0,
2,10,1,0,0,
6
0,1000,2,-2,
2,900,2,2,
6,1150,0,0,
9,1000,1,0,
14,700,2,-2,
18,1000,0,0,
3,11,1,0,0,
7
0,0,2,-2,
2,50,2,2,
5,0,2,-2,
10,-350,2,1,
13,10,1,0,
14,250,2,-2,
18,0,0,0,
7,11,1,0,0,
7
0,0,2,-2,
2,50,2,2,
5,0,2,-2,
10,-150,2,1,
13,10,1,0,
14,250,2,-2,
18,0,0,0,
8,11,1,0,0,
7
0,0,2,-2,
2,-50,2,2,
5,0,2,-2,
10,150,2,1,
13,-10,1,0,
14,-250,2,-2,
18,0,0,0,
6,2,1,0,0,
3
0,9,1,0,
6,10,1,0,
14,0,1,0,
6,6,1,0,0,
2
0,-1,1,0,
6,5,1,0,
6,7,1,0,0,
2
0,-1,1,0,
6,0,1,0,
9,2,1,0,0,
2
0,0,1,0,
14,15,1,0,
9,12,1,0,0,
3
0,0,1,0,
14,1000,0,0,
17,0,0,0,
10,2,1,0,0,
5
0,0,1,0,
14,16,1,0,
16,17,1,0,
18,18,1,0,
20,19,1,0,
10,6,1,0,0,
4
0,0,1,0,
16,2,1,0,
18,3,1,0,
20,3,1,0,
10,8,1,0,0,
3
0,0,1,0,
14,1000,2,-2,
21,1350,0,0,
11,2,1,0,0,
3
0,0,1,0,
14,20,1,0,
18,21,1,0,
11,6,1,0,0,
2
0,0,1,0,
18,8,1,0,
11,8,1,0,0,
3
0,0,0,0,
14,1000,2,-2,
21,1300,0,0,
