[mamodel]
3
13
-1,-1,0,0,0,0,0,0,1790,1790,0,1000,0,default
0,0,2,0,-42,-2,37,2,1000,1000,0,1000,0,default
1,0,1,2,-5,-16,40,50,1000,1000,0,1000,0,default
2,0,3,1,-32,-31,13,8,1000,1000,0,1000,0,default
2,0,4,4,30,-25,2,18,1000,1000,0,1000,0,default
4,0,5,3,0,14,1,7,1000,1000,0,1000,0,default
2,0,6,1,1,1,32,2,1000,1000,0,1000,0,default
2,0,11,3,7,-36,20,20,1000,1000,0,1000,0,default
2,0,12,1,35,-41,7,17,1000,1000,0,1000,0,default
0,0,0,9,-52,-37,40,60,1200,1140,0,1000,0,default
0,0,0,9,-43,-3,60,24,1000,1000,0,1000,0,default
0,0,0,10,-40,-43,32,10,2000,2000,0,1000,0,default
2,0,0,0,-27,0,0,0,9000,4000,0,1000,0,default
1000,3600,1000
1
0,0,0,0,0,0,default
