[mamodel]
3
11
-1,-1,0,0,0,0,0,0,700,700,0,1000,0,def
0,0,1,5,-47,2,50,126,1000,1000,0,1000,0,def
1,0,7,3,-43,-36,78,92,660,660,0,1000,0,def
0,0,4,6,-44,0,50,130,1052,1052,0,1000,0,def
0,0,8,1,-48,-2,48,3,1000,1000,0,1000,0,def
0,0,0,20,0,0,0,0,1000,1000,0,1000,0,盔甲fa
5,0,9,9,-80,-76,62,55,660,660,0,1000,0,def
5,0,10,10,-67,-44,58,34,626,626,0,1000,0,def
5,0,11,13,-16,-102,77,33,728,728,0,1000,0,def
8,0,12,12,-55,-5,111,110,937,937,0,1000,0,def
8,0,13,11,-20,-12,80,102,1000,1000,0,1000,0,def
1000,3600,1000
1
0,0,0,0,0,0,