[maanim]
1
13
1,5,-1,
3
0,0,0,0,
10,5,0,0,
20,0,0,0,
2,11,-1,
3
0,0,0,0,
10,-15,0,0,
20,0,0,0,
4,5,-1,
3
0,-5,0,0,
10,0,0,0,
20,-5,0,0,
9,5,-1,
3
0,0,0,0,
10,-5,0,0,
20,0,0,0,
6,11,-1,尾巴
3
0,0,0,0,
10,60,0,0,
20,0,0,0,
7,11,-1,
3
0,0,0,0,
10,-30,0,0,
20,0,0,0,
8,11,-1,
3
0,0,0,0,
10,-60,0,0,
20,0,0,0,
13,11,-1,
3
0,0,0,0,
10,60,0,0,
20,0,0,0,
10,11,-1,
3
0,0,0,0,
10,60,0,0,
20,0,0,0,
11,5,-1,
3
0,0,0,0,
10,-5,0,0,
20,0,0,0,
12,11,-1,
3
0,0,0,0,
10,-30,0,0,
20,0,0,0,
15,12,-1,
1
0,0,0,0,
16,12,-1,
1
0,0,0,0,
