[mamodel]
3
17
-1,-1,0,0,0,0,-105,-70,900,900,0,1000,0,default
0,0,1,5,0,2,110,80,900,1000,0,1000,0,身子
1,0,2,8,80,-10,110,90,900,800,0,1000,0,头部
2,0,4,9,-27,12,30,50,1000,1000,0,1000,0,下吧
3,0,3,10,-1,-5,35,80,950,1000,0,1000,0,上吧
4,0,5,11,9,-22,10,12,1000,1000,0,1000,0,眼睛
1,0,6,4,-60,-10,120,55,1050,950,60,1000,0,大尾巴
1,0,7,3,-40,5,120,26,1050,1000,-60,1000,0,小尾巴
1,0,7,0,-40,-5,120,26,950,900,100,1000,0,小尾巴2
1,0,8,6,-20,2,35,30,1000,1000,0,1000,0,左腿
9,0,9,5,-15,33,18,10,900,900,-50,1000,0,左脚
1,0,8,-2,20,0,35,30,900,900,0,1000,0,右腿
11,0,9,-1,-15,33,18,10,900,900,60,1000,0,右脚
1,0,10,7,22,-4,130,35,1000,850,0,1000,0,翅膀
0,0,11,-100,5,75,70,5,2000,2000,0,1000,0,影子
0,0,12,100,170,10,20,22,-800,800,-30,1000,0,原子吐息
0,0,13,1000,240,10,38,40,1000,1000,0,1000,0,爆炸
1000,3600,1000
1
0,0,0,0,0,0,