[maanim]
1
25
2,11,-1,右もも
3
0,0,0,0,
20,-10,0,0,
30,0,0,0,
6,11,-1,スカート
3
0,0,0,0,
15,-50,0,0,
30,0,0,0,
7,11,-1,スカート
3
0,0,0,0,
15,30,0,0,
30,0,0,0,
8,11,-1,スカート
3
0,0,0,0,
15,50,0,0,
30,0,0,0,
9,11,-1,スカート
3
0,0,0,0,
15,-30,0,0,
30,0,0,0,
10,10,-1,スカート
3
0,1000,0,0,
15,950,0,0,
30,1000,0,0,
11,11,-1,スカート
3
0,0,0,0,
15,30,0,0,
30,0,0,0,
12,11,-1,スカート
3
0,0,0,0,
18,-60,0,0,
30,0,0,0,
14,11,-1,スカート
3
0,0,0,0,
20,-60,0,0,
30,0,0,0,
15,11,-1,スカート
3
0,0,0,0,
20,60,0,0,
30,0,0,0,
16,11,-1,スカート
3
0,0,0,0,
16,50,0,0,
30,0,0,0,
18,12,1,猫足後ろ
1
0,0,0,0,
21,11,-1,スカート
3
0,0,0,0,
16,-40,0,0,
30,0,0,0,
24,11,-1,汗アニメ
5
0,0,0,0,
10,-20,0,0,
20,0,0,0,
30,20,0,0,
40,0,0,0,
25,11,-1,スカート
3
0,0,0,0,
20,-20,0,0,
30,0,0,0,
26,11,-1,スカート
3
0,0,0,0,
20,50,0,0,
30,0,0,0,
27,11,-1,スカート
3
0,0,0,0,
20,20,0,0,
30,0,0,0,
28,11,-1,スカート
3
0,0,0,0,
20,-25,0,0,
30,0,0,0,
29,11,-1,スカート
3
0,0,0,0,
20,80,0,0,
30,0,0,0,
30,11,-1,スカート
3
0,0,0,0,
20,-50,0,0,
30,0,0,0,
35,11,-1,左ライト装置
3
0,0,0,0,
2,-20,0,0,
4,0,0,0,
36,12,1,猫足後ろ
1
0,0,1,0,
53,12,1,猫足後ろ
1
0,0,1,0,
54,12,1,猫足後ろ
1
0,0,0,0,
55,12,1,猫足後ろ
1
0,0,0,0,
