[maanim]
1
59
1,4,1,
1
0,85,0,0,
1,5,1,
1
0,-6,0,0,
1,11,1,猫足前
1
0,-210,0,0,
2,4,1,右足
1
0,20,0,0,
5,2,1,
1
0,68,0,0,
5,4,1,
1
0,-3,0,0,
5,5,1,
1
0,7,0,0,
5,8,1,
1
0,1100,0,0,
5,10,1,
1
0,890,0,0,
6,11,1,
1
0,-200,0,0,
7,11,1,
1
0,-120,0,0,
8,11,1,
1
0,-200,0,0,
9,11,1,
1
0,-90,0,0,
10,10,1,
1
0,1100,0,0,
12,11,1,
1
0,-215,0,0,
16,12,1,猫足後ろ
1
0,0,0,0,
18,3,1,右手上
1
0,50,0,0,
18,4,1,右手上
1
0,1,0,0,
18,10,1,右手上
1
0,-1000,0,0,
18,11,1,
1
0,700,0,0,
19,3,1,右手上
1
0,51,0,0,
19,4,1,右手下
1
0,1,0,0,
19,11,1,右手下
1
0,50,0,0,
20,2,1,マイク
1
0,36,0,0,
20,4,1,右手
1
0,17,0,0,
20,5,1,右手
1
0,31,0,0,
20,9,1,右手
1
0,-1000,0,0,
20,11,1,右手
1
0,1250,0,0,
21,11,1,
1
0,1050,0,0,
22,11,1,
1
0,-120,0,0,
23,2,1,マイク
1
0,36,0,0,
23,4,1,猫足後ろ
1
0,21,0,0,
23,5,1,猫足後ろ
1
0,30,0,0,
23,11,1,左手
1
0,-1200,0,0,
24,4,1,スカート
1
0,4,0,0,
24,11,1,
1
0,-150,0,0,
25,11,1,
1
0,-450,0,0,
26,11,1,
1
0,-150,0,0,
27,10,1,
1
0,1200,0,0,
27,11,1,
1
0,150,0,0,
28,11,1,
1
0,-150,0,0,
30,10,1,
1
0,1200,0,0,
30,11,1,
1
0,-150,0,0,
33,2,1,マイク
1
0,54,0,0,
33,4,1,猫足後ろ
1
0,20,0,0,
33,5,1,猫足後ろ
1
0,-88,0,0,
33,11,1,猫足後ろ
1
0,-150,0,0,
35,4,1,
1
0,15,0,0,
35,5,1,
1
0,10,0,0,
35,10,1,しっぽ
1
0,1200,0,0,
36,12,1,猫足後ろ
1
0,0,1,0,
52,3,1,右手上
1
0,52,0,0,
52,5,1,右手
1
0,-90,0,0,
52,11,1,右手
1
0,-1800,0,0,
53,12,1,猫足後ろ
1
0,0,0,0,
54,4,1,汗アニメ
1
0,100,0,0,
54,5,1,汗アニメ
1
0,-25,0,0,
54,11,1,猫足後ろ
1
0,250,0,0,
61,12,1,猫足後ろ
1
0,0,0,0,
