[maanim]
1
22
2,11,-1,
3
0,0,0,0,
4,180,0,0,
8,0,0,0,
12,12,-1,
1
0,0,0,0,
13,12,-1,
1
0,0,0,0,
1,5,-1,
3
0,0,0,0,
5,-5,0,0,
9,0,0,0,
1,4,-1,
3
0,0,0,0,
4,8,0,0,
8,0,0,0,
11,4,-1,
3
0,4,0,0,
4,4,0,0,
8,4,0,0,
1,11,-1,
3
0,0,0,0,
4,-30,0,0,
8,0,0,0,
3,11,-1,以下尾巴
3
0,-30,0,0,
4,40,0,0,
8,-30,0,0,
4,11,-1,
3
0,30,0,0,
4,-30,0,0,
8,30,0,0,
5,11,-1,
3
0,0,0,0,
4,-60,0,0,
8,0,0,0,
6,11,-1,头部
3
0,0,0,0,
4,90,0,0,
8,0,0,0,
6,5,-1,
3
0,0,0,0,
4,-3,0,0,
8,0,0,0,
8,11,-1,
3
0,0,0,0,
4,-30,0,0,
8,0,0,0,
8,5,-1,
3
0,-5,0,0,
4,-10,0,0,
8,-5,0,0,
9,4,-1,以下脚
5
0,0,0,0,
2,10,0,0,
4,10,0,0,
6,0,0,0,
8,0,0,0,
9,5,-1,
5
0,0,0,0,
2,-4,0,0,
4,0,0,0,
6,0,0,0,
8,0,0,0,
9,11,-1,
5
0,0,0,0,
2,-150,0,0,
4,-150,0,0,
6,0,0,0,
8,0,0,0,
9,8,-1,
5
0,1000,0,0,
2,800,0,0,
4,800,0,0,
6,1020,0,0,
8,1000,0,0,
10,8,-1,
5
-4,1000,0,0,
-2,800,0,0,
0,800,0,0,
2,1020,0,0,
4,1000,0,0,
10,11,-1,
5
-4,0,0,0,
-2,-150,0,0,
0,-150,0,0,
2,0,0,0,
4,0,0,0,
10,4,-1,
5
-4,0,0,0,
-2,10,0,0,
0,10,0,0,
2,0,0,0,
4,0,0,0,
10,5,-1,
5
-4,0,0,0,
-2,-5,0,0,
0,10,0,0,
2,0,0,0,
4,0,0,0,
