[mamodel]
3
14
-1,-1,0,0,0,0,-20,-30,450,500,0,1000,0,default
0,0,1,5,0,0,130,55,1000,1100,0,1000,0,身子
1,0,11,7,-50,2,100,30,1000,800,0,1000,0,翅膀
1,0,2,4,-65,-10,105,40,900,850,120,1000,0,大尾巴
1,0,2,3,-80,0,105,40,1000,1000,0,1000,0,大尾巴2
1,0,3,2,-88,18,60,22,1000,1000,-60,1000,0,小尾巴
1,0,4,8,-10,0,72,52,1000,900,-15,1000,0,头部
6,0,5,9,-6,6,25,32,1000,1000,0,1000,0,下吧
6,0,6,10,-2,15,25,60,1000,1000,0,1000,0,上吧
1,0,7,6,-72,20,45,30,1000,1000,0,1000,0,左脚
1,0,7,0,-33,17,45,30,1000,1000,0,1000,0,右脚
0,0,8,-10,-60,62,60,7,1800,1500,0,1000,0,影子
0,0,9,10,30,10,150,25,1000,1600,0,1000,0,冲击特效
0,0,10,100,130,50,20,70,1500,1500,0,1000,0,撞击特效
1000,3600,1000
1
0,0,0,0,0,0,