[mamodel]
3
14
-1,-1,0,0,0,0,0,0,1790,1790,0,1000,0,default
0,5,19,0,-20,-1,22,3,1000,1000,0,1000,0,default
1,5,1,2,-1,-24,28,50,1000,1000,0,1000,0,default
2,5,2,4,3,-29,27,20,1000,1000,0,1000,0,default
2,5,6,3,12,0,30,12,1000,1010,0,1000,0,default
2,5,10,1,-1,-47,13,17,1000,1000,0,1000,0,default
2,5,5,3,-13,9,10,3,1000,1000,0,1000,0,default
2,5,12,1,16,-39,2,9,1000,1000,0,1000,0,default
2,5,13,3,15,7,6,3,1000,1000,0,1000,0,default
2,5,15,3,-19,-10,12,8,1000,1000,0,1000,0,default
9,5,16,4,-2,14,7,11,1000,1000,0,1000,0,default
2,5,17,1,21,-6,2,9,1000,1000,0,1000,0,default
2,5,18,6,-6,1,40,40,1000,1000,-1100,1000,0,default
2,5,0,9,9,-6,0,0,1000,1000,200,1000,0,default
1000,3600,1000
1
0,0,0,0,0,0,