[maanim]
1
78
1,12,-1,
0
2,12,-1,
6
0,0,0,0,
16,0,0,0,
17,1000,0,0,
19,1000,0,0,
20,0,0,0,
46,0,0,0,
2,4,-1,
5
0,0,0,0,
17,0,0,0,
19,-90,0,0,
34,0,0,0,
46,0,0,0,
3,12,-1,
5
0,0,0,0,
19,0,0,0,
20,1000,0,0,
28,0,0,0,
46,0,0,0,
3,11,-1,
3
0,0,0,0,
34,250,0,0,
46,0,0,0,
4,12,-1,
6
0,0,0,0,
16,0,0,0,
17,1000,0,0,
22,1000,0,0,
25,0,0,0,
46,0,0,0,
4,2,-1,
8
0,76,0,0,
17,76,0,0,
18,76,0,0,
19,77,0,0,
20,77,0,0,
21,78,0,0,
25,78,0,0,
46,78,0,0,
4,4,-1,
5
0,0,0,0,
17,0,0,0,
25,-40,0,0,
34,0,0,0,
46,0,0,0,
4,8,-1,
4
0,0,0,0,
17,1000,0,0,
25,1500,0,0,
46,0,0,0,
31,12,-1,
1
0,0,0,0,
32,12,-1,
1
0,0,0,0,
33,12,-1,
1
0,0,0,0,
34,12,-1,
1
0,0,0,0,
55,11,-1,
3
0,-300,0,0,
10,180,0,0,
23,-300,0,0,
55,12,-1,
4
0,1000,0,0,
10,1000,0,0,
11,0,0,0,
23,0,0,0,
56,12,-1,
4
0,0,0,0,
10,0,0,0,
11,1000,0,0,
23,1000,0,0,
55,5,-1,
4
0,0,0,0,
20,0,0,0,
25,5,0,0,
46,0,0,0,
56,11,-1,
3
0,-300,0,0,
10,180,0,0,
23,-300,0,0,
5,5,-1,
9
0,0,0,0,
5,5,0,0,
10,5,0,0,
16,4,0,0,
20,-30,0,0,
25,8,0,0,
27,-2,0,0,
34,0,0,0,
46,0,0,0,
5,4,-1,
6
0,0,0,0,
20,0,0,0,
24,30,0,0,
29,30,0,0,
34,30,0,0,
46,0,0,0,
95,4,-1,
6
0,0,0,0,
20,0,0,0,
24,25,0,0,
29,25,0,0,
34,25,0,0,
46,0,0,0,
5,11,-1,
6
0,0,0,0,
5,-34,0,0,
10,-67,0,0,
16,-94,0,0,
20,0,0,0,
46,0,0,0,
6,11,-1,
4
0,0,0,0,
15,39,0,0,
22,98,0,0,
46,0,0,0,
7,11,-1,
3
0,0,0,0,
20,90,0,0,
46,0,0,0,
8,11,-1,
3
0,0,0,0,
20,-90,0,0,
46,0,0,0,
8,5,-1,
3
0,0,0,0,
20,2,0,0,
46,0,0,0,
9,4,-1,
4
0,0,0,0,
15,-2,0,0,
21,1,0,0,
46,0,0,0,
10,11,-1,
5
0,0,0,0,
15,-62,0,0,
20,50,0,0,
25,-79,0,0,
46,0,0,0,
12,11,-1,
5
0,0,0,0,
15,156,0,0,
20,836,0,0,
25,-103,0,0,
46,0,0,0,
13,11,-1,
5
0,0,0,0,
15,103,0,0,
20,-905,0,0,
25,49,0,0,
46,0,0,0,
14,5,-1,
6
0,0,0,0,
5,2,0,0,
10,8,0,0,
15,8,0,0,
20,0,0,0,
46,0,0,0,
14,11,-1,
6
0,0,0,0,
5,-16,0,0,
10,53,0,0,
15,0,0,0,
20,0,0,0,
46,0,0,0,
15,11,-1,
5
0,0,0,0,
15,-35,0,0,
20,81,0,0,
25,-42,0,0,
46,0,0,0,
16,11,-1,
5
0,0,0,0,
15,100,0,0,
20,92,0,0,
25,-34,0,0,
46,0,0,0,
17,11,-1,
5
0,0,0,0,
15,-40,0,0,
20,33,0,0,
25,-63,0,0,
46,0,0,0,
18,11,-1,
3
0,0,0,0,
17,-90,0,0,
46,0,0,0,
19,11,-1,
3
0,0,0,0,
17,-60,0,0,
46,0,0,0,
21,11,-1,
3
0,0,0,0,
17,90,0,0,
46,0,0,0,
22,11,-1,
5
0,0,0,0,
15,-165,0,0,
20,20,0,0,
25,-54,0,0,
46,0,0,0,
24,11,-1,
5
0,0,0,0,
15,-89,0,0,
20,300,0,0,
25,-100,0,0,
46,0,0,0,
25,11,-1,
5
0,0,0,0,
15,124,0,0,
20,-349,0,0,
25,142,0,0,
46,0,0,0,
26,11,-1,
3
0,0,0,0,
17,-180,0,0,
46,0,0,0,
27,5,-1,
5
0,0,0,0,
15,3,0,0,
20,-3,0,0,
25,0,0,0,
46,0,0,0,
28,5,-1,
5
0,0,0,0,
15,3,0,0,
20,-3,0,0,
25,0,0,0,
46,0,0,0,
29,10,-1,
5
0,1000,0,0,
27,1000,0,0,
28,300,0,0,
31,1000,0,0,
46,1000,0,0,
29,2,-1,
6
0,25,0,0,
16,25,0,0,
17,53,0,0,
27,53,0,0,
28,25,0,0,
46,25,0,0,
29,4,-1,
6
0,0,0,0,
16,0,0,0,
17,-1,0,0,
24,-1,0,0,
28,0,0,0,
46,0,0,0,
29,5,-1,
6
0,0,0,0,
16,0,0,0,
17,4,0,0,
24,4,0,0,
28,0,0,0,
46,0,0,0,
30,10,-1,
9
0,1000,0,0,
5,1000,0,0,
7,300,0,0,
8,1000,0,0,
16,1000,0,0,
27,1000,0,0,
28,300,0,0,
31,1000,0,0,
46,1000,0,0,
30,2,-1,
8
0,26,0,0,
7,26,0,0,
8,67,0,0,
16,67,0,0,
17,54,0,0,
27,54,0,0,
28,26,0,0,
46,26,0,0,
30,4,-1,
8
0,0,0,0,
7,0,0,0,
8,-5,0,0,
16,-5,0,0,
17,-1,0,0,
24,-1,0,0,
28,0,0,0,
46,0,0,0,
30,5,-1,
8
0,0,0,0,
7,0,0,0,
8,6,0,0,
16,6,0,0,
17,5,0,0,
24,5,0,0,
28,0,0,0,
46,0,0,0,
35,10,-1,
10
0,1000,0,0,
5,1000,0,0,
7,300,0,0,
8,1000,0,0,
16,1000,0,0,
17,300,0,0,
20,1000,0,0,
30,1000,0,0,
35,900,0,0,
46,1000,0,0,
35,2,-1,
6
0,44,0,0,
7,44,0,0,
8,55,0,0,
16,55,0,0,
17,44,0,0,
46,44,0,0,
35,4,-1,
6
0,0,0,0,
7,0,0,0,
8,1,0,0,
16,1,0,0,
17,0,0,0,
46,0,0,0,
35,5,-1,
6
0,0,0,0,
7,0,0,0,
8,9,0,0,
16,9,0,0,
17,0,0,0,
46,0,0,0,
36,11,-1,
7
0,0,0,0,
2,-124,0,0,
4,-272,0,0,
6,-349,0,0,
8,-361,0,0,
10,0,0,0,
46,0,0,0,
37,11,-1,
9
0,0,0,0,
2,121,0,0,
4,287,0,0,
6,264,0,0,
8,171,0,0,
10,0,0,0,
15,173,0,0,
25,300,0,0,
46,0,0,0,
40,11,-1,
5
0,0,0,0,
10,0,0,0,
15,-118,0,0,
20,0,0,0,
46,0,0,0,
41,12,-1,
7
0,1000,0,0,
8,1000,0,0,
9,0,0,0,
10,0,0,0,
16,0,0,0,
17,1000,0,0,
46,1000,0,0,
42,12,-1,
7
0,0,0,0,
8,0,0,0,
9,1000,0,0,
10,1000,0,0,
16,1000,0,0,
17,0,0,0,
46,0,0,0,
42,11,-1,
6
0,0,0,0,
9,0,0,0,
15,-234,0,0,
16,-206,0,0,
17,0,0,0,
46,0,0,0,
42,9,-1,
6
0,1000,0,0,
9,700,0,0,
16,900,0,0,
17,600,0,0,
25,1000,0,0,
46,1000,0,0,
42,4,-1,
1
0,-5,0,0,
43,12,-1,
1
0,0,0,0,
45,11,-1,
9
0,0,0,0,
2,103,0,0,
4,182,0,0,
6,492,0,0,
8,463,0,0,
10,0,0,0,
15,-422,0,0,
25,0,0,0,
46,0,0,0,
47,11,-1,
8
0,0,0,0,
2,-192,0,0,
4,-575,0,0,
10,0,0,0,
16,0,0,0,
20,150,0,0,
25,300,0,0,
46,0,0,0,
47,12,-1,
6
0,1000,0,0,
4,1000,0,0,
5,0,0,0,
16,0,0,0,
17,1000,0,0,
46,1000,0,0,
48,12,-1,
6
0,0,0,0,
4,0,0,0,
5,1000,0,0,
16,1000,0,0,
17,0,0,0,
46,0,0,0,
48,11,-1,
8
0,0,0,0,
5,-326,0,0,
6,-888,0,0,
8,-944,0,0,
10,-291,0,0,
15,-33,0,0,
25,0,0,0,
46,0,0,0,
48,4,-1,
1
0,-1,0,0,
49,11,-1,
8
0,0,0,0,
5,219,0,0,
10,241,0,0,
15,283,0,0,
20,153,0,0,
25,78,0,0,
35,78,0,0,
46,0,0,0,
50,11,-1,
8
0,0,0,0,
5,-35,0,0,
10,125,0,0,
15,146,0,0,
20,142,0,0,
25,51,0,0,
30,51,0,0,
46,0,0,0,
51,11,-1,
8
0,0,0,0,
5,-121,0,0,
10,-367,0,0,
15,-511,0,0,
20,180,0,0,
25,186,0,0,
30,186,0,0,
46,0,0,0,
52,11,-1,
9
0,0,0,0,
5,0,0,0,
10,0,0,0,
15,0,0,0,
20,0,0,0,
22,41,0,0,
25,-108,0,0,
26,-108,0,0,
46,0,0,0,
53,11,-1,
9
0,0,0,0,
5,-36,0,0,
10,-69,0,0,
15,-71,0,0,
20,133,0,0,
22,134,0,0,
25,-66,0,0,
26,-66,0,0,
46,0,0,0,
54,11,-1,
7
0,0,0,0,
5,139,0,0,
10,-51,0,0,
15,0,0,0,
20,277,0,0,
25,0,0,0,
46,0,0,0,
57,12,-1,
6
0,0,0,0,
5,0,0,0,
10,0,0,0,
15,0,0,0,
20,0,0,0,
46,0,0,0,
