[maanim]
1
27
55,12,-1,
1
0,0,0,0,
1,12,-1,
1
0,0,0,0,
4,12,-1,
1
0,0,0,0,
5,5,-1,
1
0,-20,0,0,
5,4,-1,
1
0,15,0,0,
5,11,-1,
1
0,60,0,0,
27,2,-1,
1
0,69,0,0,
28,2,-1,
1
0,70,0,0,
28,4,-1,
1
0,5,0,0,
29,12,-1,
1
0,0,0,0,
30,12,-1,
1
0,0,0,0,
36,11,-1,
1
0,150,0,0,
37,11,-1,
1
0,150,0,0,
41,11,-1,
1
0,-200,0,0,
42,12,-1,
1
0,0,0,0,
43,12,-1,
1
0,0,0,0,
46,11,-1,
1
0,-150,0,0,
48,12,-1,
1
0,0,0,0,
49,11,-1,
1
0,150,0,0,
50,11,-1,
1
0,150,0,0,
51,11,-1,
1
0,150,0,0,
55,2,-1,
1
0,42,0,0,
57,12,-1,
1
0,0,0,0,
35,2,-1,
1
0,75,0,0,
35,4,-1,
1
0,3,0,0,
35,5,-1,
1
0,10,0,0,
95,9,-1,
1
0,800,0,0,
