[maanim]
1
17
2,5,-1,0,0,
7
0,0,1,0,
4,-1,1,0,
8,-2,1,0,
12,-2,1,0,
16,-1,1,0,
20,0,1,0,
24,0,0,0,
3,11,-1,0,0,
3
0,0,0,0,
12,-15,0,0,
24,0,0,0,
4,11,-1,0,0,
3
0,0,0,0,
12,45,0,0,
24,0,0,0,
5,2,-1,0,0,
6
0,5,1,0,
8,7,1,0,
12,8,1,0,
16,9,1,0,
20,5,1,0,
24,5,0,0,
5,4,-1,0,0,
6
0,0,1,0,
8,-1,1,0,
12,-3,1,0,
16,3,1,0,
20,0,1,0,
24,0,0,0,
5,5,-1,0,0,
5
0,0,1,0,
4,1,1,0,
16,-2,1,0,
20,0,1,0,
24,0,0,0,
5,11,-1,0,0,
5
0,0,1,0,
4,150,1,0,
8,0,1,0,
20,0,0,0,
24,0,0,0,
6,2,-1,0,0,
7
0,6,1,0,
4,10,1,0,
8,11,1,0,
12,12,1,0,
16,13,1,0,
20,6,1,0,
24,6,0,0,
6,4,-1,0,0,
6
0,0,1,0,
4,-2,1,0,
12,0,1,0,
16,2,1,0,
20,0,1,0,
24,0,0,0,
6,5,-1,0,0,
5
0,0,1,0,
4,1,1,0,
16,1,1,0,
20,0,1,0,
24,0,0,0,
7,4,-1,0,0,
5
0,0,0,0,
15,-5,0,0,
16,-4,1,0,
20,0,0,0,
24,0,0,0,
7,5,-1,0,0,
7
0,0,1,0,
4,1,1,0,
8,2,1,0,
12,2,1,0,
16,-1,1,0,
20,0,1,0,
24,0,0,0,
7,11,-1,0,0,
4
0,0,1,0,
16,-100,1,0,
20,0,0,0,
24,0,0,0,
8,4,-1,0,0,
5
0,0,0,0,
15,-5,0,0,
16,-4,1,0,
20,0,0,0,
24,0,0,0,
8,5,-1,0,0,
7
0,0,1,0,
4,1,1,0,
8,2,1,0,
12,2,1,0,
16,-1,1,0,
20,0,1,0,
24,0,0,0,
8,11,-1,0,0,
4
0,0,1,0,
16,-100,1,0,
20,0,0,0,
24,0,0,0,
9,12,-1,0,0,
1
0,0,0,0,
