[maanim]
1
336
198,11,1,
3
0,0,0,0,
29,0,2,-3,
45,500,0,0,
198,8,1,
3
0,1000,0,0,
29,1000,2,-1,
33,1300,0,0,
198,12,1,
4
0,0,1,0,
29,1000,0,0,
30,1000,2,1,
45,0,0,0,
199,2,1,
7
0,131,1,0,
29,131,1,0,
30,130,1,0,
31,132,1,0,
32,133,1,0,
40,134,1,0,
42,135,0,0,
199,9,1,
3
0,1000,0,0,
42,1000,2,-1,
46,0,0,0,
199,10,1,
3
0,0,0,0,
29,0,2,2,
32,1360,0,0,
199,12,1,
3
0,1000,0,0,
42,1000,2,-3,
48,0,0,0,
200,10,1,
3
0,0,0,0,
29,0,2,1,
32,1360,0,0,
200,4,-1,
5
0,0,1,0,
1,3,1,0,
2,5,1,0,
3,0,1,0,
4,0,0,0,
200,5,-1,
5
0,0,1,0,
1,5,1,0,
2,5,1,0,
3,15,1,0,
4,0,0,0,
200,2,-1,
5
0,136,1,0,
1,137,1,0,
2,138,1,0,
3,139,1,0,
4,0,0,0,
200,12,1,
3
0,1000,0,0,
38,1000,2,-2,
42,0,0,0,
1,9,1,001影.png<color=16>
33
-69,1000,2,-3,
-59,1100,2,-3,
-54,980,2,2,
-49,1000,0,0,
-39,1000,2,-2,
-26,900,0,0,
-19,1200,0,0,
-13,1200,0,0,
-9,1200,1,-2,
-8,1200,2,-2,
0,975,2,2,
8,1200,0,0,
13,1200,0,0,
18,1200,0,0,
25,1200,0,0,
36,1200,0,0,
46,1200,0,0,
48,1200,0,0,
51,997,2,-2,
56,987,2,2,
61,1000,0,0,
66,900,0,0,
71,1000,0,0,
76,900,0,0,
81,1000,0,0,
86,900,0,0,
91,1000,0,-2,
94,900,0,-2,
96,900,2,2,
101,1000,0,0,
106,1000,0,0,
111,1000,0,0,
131,1000,0,0,
1,9,-1,
0
2,13,1,キャラ親ダミー<color=7>
4
-69,0,1,0,
52,1,1,0,
72,0,1,0,
92,0,1,0,
3,4,1,腰ダミー<color=11>
30
-69,0,0,0,
-59,0,0,0,
-49,17,0,0,
-34,17,0,0,
-31,3,0,0,
-19,0,0,0,
28,0,2,-2,
36,15,0,0,
41,13,0,0,
46,0,0,0,
48,0,0,0,
51,0,1,0,
52,13,0,0,
61,0,1,0,
62,-2,0,0,
66,0,0,0,
71,0,1,0,
72,9,0,0,
76,0,0,0,
81,0,1,0,
82,2,0,0,
86,0,0,0,
91,0,1,0,
92,2,0,0,
94,0,0,0,
96,0,0,0,
101,0,0,0,
111,0,0,0,
121,0,0,0,
131,0,0,0,
3,5,1,腰ダミー<color=11>
43
-69,0,2,-3,
-59,10,2,-3,
-54,-47,2,2,
-49,-1,0,0,
-47,-7,0,0,
-39,-7,0,-2,
-34,-6,2,-2,
-26,-45,2,2,
-19,24,0,0,
-13,30,0,0,
-9,24,1,-2,
-8,-25,2,-2,
0,-47,2,2,
8,14,0,0,
13,24,0,0,
18,14,0,0,
25,17,0,0,
36,14,0,0,
46,14,0,0,
48,18,0,0,
50,4,1,0,
51,-21,2,-2,
55,-38,2,2,
61,0,1,0,
62,4,0,0,
66,-20,1,0,
67,-23,0,0,
71,0,1,0,
72,4,0,0,
76,-20,1,0,
77,-23,0,0,
81,0,1,0,
82,4,0,0,
86,-20,1,0,
87,-23,0,0,
91,6,1,-2,
92,4,0,-2,
94,-24,0,-2,
96,-25,2,2,
101,0,0,0,
106,5,0,0,
111,0,0,0,
131,0,0,0,
4,2,1,036パンツダミー.png
1
-69,0,0,0,
5,4,1,037左足　もも.png<color=1>
28
-69,0,2,-2,
-59,2,0,0,
-54,0,0,0,
-49,4,0,0,
-34,4,2,-2,
-26,1,0,0,
-22,1,0,0,
-19,4,0,0,
-9,4,0,0,
0,2,0,0,
8,2,0,0,
13,2,0,0,
18,2,0,0,
28,2,2,-2,
38,-3,0,0,
44,-3,0,0,
48,-3,0,0,
51,2,1,0,
52,2,0,0,
61,5,0,0,
71,0,1,0,
72,2,0,0,
81,1,0,0,
91,4,0,0,
97,1,0,0,
101,0,0,0,
116,0,0,0,
126,0,0,0,
5,5,1,037左足　もも.png<color=1>
27
-69,0,2,-4,
-59,0,2,-2,
-54,0,2,2,
-49,-3,0,0,
-39,-3,0,0,
-34,-5,2,-2,
-26,-2,2,-2,
-19,-12,0,0,
-9,-12,2,-2,
0,0,0,0,
8,-6,0,0,
13,-6,0,0,
18,-6,0,0,
25,-10,0,0,
31,-6,0,0,
46,-6,0,0,
48,-10,0,0,
51,-11,0,0,
61,0,0,0,
71,-10,1,0,
72,-7,0,0,
81,-9,0,0,
92,-5,0,0,
101,0,0,0,
106,-5,0,0,
111,0,0,0,
126,0,0,0,
5,10,1,037左足　もも.png<color=1>
9
-69,980,2,-2,
-64,1000,1,0,
-49,942,0,0,
-47,1000,1,0,
7,1000,1,0,
8,1008,0,0,
13,933,0,0,
18,1000,1,0,
82,980,1,0,
5,11,1,037左足　もも.png<color=1>
24
-69,0,2,-4,
-59,-50,1,-2,
-58,239,2,-2,
-54,330,2,2,
-49,330,0,0,
-34,330,2,-2,
-26,100,2,-2,
-19,100,0,0,
-9,100,2,-2,
0,250,2,2,
8,0,0,0,
31,0,0,0,
39,50,0,0,
48,0,0,0,
51,200,1,0,
52,250,0,0,
61,150,0,0,
71,250,1,0,
72,250,0,0,
81,250,0,0,
91,300,0,0,
101,0,0,0,
116,0,0,0,
126,0,0,0,
6,4,1,038左足　すね.png<color=1>
9
-69,0,2,-4,
55,0,2,-2,
61,1,2,2,
64,0,2,-2,
84,0,0,0,
91,1,1,0,
92,1,0,0,
101,0,0,0,
126,0,0,0,
6,5,1,038左足　すね.png<color=1>
9
-69,0,2,-4,
55,0,2,-2,
61,3,2,2,
64,0,2,-2,
84,0,0,0,
91,3,1,0,
92,3,0,0,
101,0,0,0,
126,0,0,0,
6,10,1,038左足　すね.png<color=4>
6
-69,1000,1,0,
-19,1000,0,0,
-13,971,0,0,
-9,1000,1,0,
72,500,1,0,
73,1000,1,0,
6,11,1,038左足　すね.png<color=1>
30
-69,0,2,-4,
-59,-100,2,-2,
-54,0,2,2,
-49,-100,0,0,
-34,-100,2,-2,
-26,-150,0,0,
-19,-307,0,0,
-13,-355,0,0,
-9,-307,1,-2,
-8,0,2,-2,
0,-100,2,2,
8,-150,0,0,
31,-150,0,0,
39,-200,0,0,
48,-150,0,0,
51,0,2,2,
55,-360,2,-2,
61,-900,2,2,
64,-429,2,-2,
68,-57,0,0,
71,0,1,0,
72,-900,2,2,
74,-596,2,-2,
78,12,0,0,
84,100,0,0,
91,-900,1,0,
92,-900,0,0,
101,0,0,0,
111,0,0,0,
126,0,0,0,
8,3,1,037左足　もも.png<color=1>
3
-69,42,1,0,
-19,48,1,0,
-8,42,1,0,
8,4,1,037左足　もも.png<color=1>
36
-69,0,2,-2,
-66,4,2,-2,
-59,4,2,-2,
-54,2,0,0,
-49,4,0,0,
-34,2,0,0,
-26,4,0,0,
-24,5,0,0,
-21,5,0,0,
-19,14,0,0,
-9,14,1,0,
-8,0,0,0,
0,-1,0,0,
7,-1,1,0,
8,7,0,0,
18,7,0,0,
25,7,0,0,
28,7,2,-2,
30,5,2,-2,
38,0,0,0,
44,2,0,0,
48,2,0,0,
51,2,1,0,
52,-2,0,0,
61,1,0,0,
71,-4,1,0,
72,1,0,0,
81,-3,0,0,
91,0,1,0,
92,5,0,0,
97,5,0,0,
101,0,0,0,
106,2,0,0,
111,0,0,0,
116,0,0,0,
126,0,0,0,
8,5,1,040右足　もも.png<color=2>
28
-69,0,2,-4,
-59,-5,2,-2,
-54,-3,2,2,
-49,0,0,0,
-34,0,2,-2,
-26,0,1,-2,
-25,-1,2,-2,
-19,-7,0,0,
-9,-7,2,-2,
0,0,0,0,
8,0,0,0,
13,-4,0,0,
18,0,0,0,
25,-4,0,0,
31,0,0,0,
46,0,0,0,
48,-2,0,0,
51,-4,0,0,
61,0,0,0,
71,-7,1,0,
72,-4,0,0,
81,-4,0,0,
92,-4,0,0,
96,-7,0,0,
101,0,0,0,
106,-5,0,0,
111,0,0,0,
126,0,0,0,
8,10,1,037左足　もも.png<color=1>
13
-69,1000,1,0,
-47,1000,1,0,
7,1000,1,0,
8,1008,0,0,
13,933,0,0,
18,1000,1,0,
41,1000,0,0,
45,979,1,0,
46,1000,0,0,
48,970,1,0,
53,1000,1,0,
62,969,1,0,
63,1000,1,0,
8,11,1,040右足　もも.png<color=2>
27
-69,0,2,-4,
-59,-50,2,-2,
-54,-150,2,2,
-49,0,0,0,
-34,0,0,0,
-26,-100,0,0,
-19,-200,0,0,
-9,-200,2,-2,
0,-100,2,2,
8,-200,0,0,
28,-200,2,-2,
36,-74,0,0,
41,-93,0,0,
46,-200,0,0,
51,-200,0,0,
61,-50,0,0,
71,0,1,0,
72,-100,0,0,
81,50,0,0,
91,-200,1,0,
92,0,0,0,
96,-113,0,0,
100,-133,1,0,
101,0,0,0,
106,20,0,0,
111,0,0,0,
126,0,0,0,
8,13,1,037左足　もも.png<color=1>
3
-69,0,1,0,
51,1,1,0,
52,0,1,0,
8,13,1,040右足　もも.png<color=2>
7
-69,0,1,0,
-8,1,1,0,
8,0,1,0,
51,0,1,0,
52,1,1,0,
92,0,1,0,
101,0,0,0,
9,4,1,041右足　すね.png<color=2>
9
-69,0,0,0,
-64,-1,0,0,
-59,-1,0,0,
-50,0,1,0,
-49,2,1,0,
-41,2,1,0,
-33,0,0,0,
-26,0,0,0,
126,0,0,0,
9,5,1,041右足　すね.png<color=2>
5
-69,0,0,0,
72,0,0,0,
81,4,0,0,
86,0,0,0,
126,0,0,0,
9,10,1,041右足　すね.png<color=2>
7
-69,1000,0,0,
-50,1000,1,0,
-49,700,1,0,
-41,700,1,0,
-33,1000,0,0,
-26,1000,0,0,
126,1000,0,0,
9,11,1,041右足　すね.png<color=2>
41
-69,0,2,-4,
-59,200,2,-2,
-54,0,2,2,
-50,45,1,2,
-49,600,2,-2,
-42,701,2,2,
-34,600,2,-2,
-26,0,0,0,
-19,550,0,0,
-13,632,0,0,
-9,550,1,0,
-8,-100,2,-2,
0,700,2,2,
7,25,1,0,
8,500,0,0,
28,500,1,0,
29,440,0,0,
31,430,0,0,
35,380,0,0,
38,379,0,0,
41,378,0,0,
45,440,1,0,
46,500,0,0,
48,450,0,0,
51,0,1,0,
52,100,0,0,
61,-100,2,2,
64,200,2,-2,
71,900,1,0,
72,0,2,2,
75,300,2,-2,
81,900,0,0,
89,0,0,0,
91,-8,1,0,
92,-100,0,0,
96,-353,0,0,
99,-420,0,0,
101,0,0,0,
106,0,0,0,
111,0,0,0,
126,0,0,0,
10,4,1,041右足　すね.png<color=2>
14
-69,0,2,-4,
-59,0,2,-2,
-54,0,2,2,
-49,0,0,0,
-34,0,2,-2,
-26,0,0,0,
-19,-1,0,0,
-9,-1,0,0,
-7,0,0,0,
8,0,0,0,
31,0,0,0,
51,0,0,0,
101,0,0,0,
126,0,0,0,
10,11,1,041右足　すね.png<color=2>
14
-69,0,2,-4,
-59,0,2,-2,
-54,0,2,2,
-49,0,0,0,
-34,0,2,-2,
-26,0,0,0,
-19,-200,0,0,
-9,-200,0,0,
0,0,0,0,
8,0,0,0,
31,0,0,0,
51,0,0,0,
101,0,0,0,
126,0,0,0,
10,13,1,041右足　すね.png<color=2>
3
-69,0,1,0,
92,1,1,0,
101,0,1,0,
11,2,1,033スカート1.png<color=0>
16
-69,36,1,0,
-49,36,1,0,
-31,36,1,0,
-20,36,1,0,
-19,35,1,0,
-8,36,1,0,
-5,36,1,0,
8,36,1,0,
33,36,1,0,
51,36,1,0,
55,36,1,0,
66,36,1,0,
73,36,1,0,
82,36,1,0,
101,36,1,0,
121,36,1,0,
11,3,1,033スカート1.png<color=0>
4
-69,63,1,0,
-19,62,1,0,
-8,63,1,0,
121,63,1,0,
11,4,1,033スカート1.png<color=0>
21
-69,0,0,0,
-59,1,0,0,
-54,1,0,0,
-49,0,0,0,
-33,1,0,0,
-26,1,0,0,
-20,1,1,0,
-19,1,1,0,
-8,1,1,0,
0,1,0,0,
8,1,0,0,
28,1,0,0,
31,0,0,0,
35,0,1,0,
61,1,0,0,
71,0,1,0,
72,0,0,0,
81,1,0,0,
91,0,0,0,
101,0,0,0,
126,0,0,0,
11,5,1,033スカート1.png<color=0>
20
-69,0,0,0,
-59,0,0,0,
-54,0,0,0,
-49,0,0,0,
-34,0,0,0,
-26,0,0,0,
-20,0,1,0,
-19,3,1,0,
-8,0,2,-2,
0,1,2,2,
8,0,0,0,
28,0,0,0,
35,2,0,0,
50,0,0,0,
61,0,0,0,
71,0,1,0,
72,0,0,0,
81,0,0,0,
91,0,0,0,
126,0,0,0,
11,11,1,033スカート1.png<color=0>
34
-69,0,2,-4,
-59,-50,2,-2,
-54,50,2,2,
-49,-100,0,0,
-41,-59,0,0,
-34,-40,0,0,
-26,0,0,0,
-21,-63,0,0,
-19,-200,0,0,
-14,-200,0,0,
-9,-200,1,-2,
-8,-100,2,-2,
0,-50,2,2,
8,-100,0,0,
13,-53,0,0,
18,-100,0,0,
28,-100,0,0,
31,0,0,0,
35,30,0,0,
38,50,0,0,
41,30,2,2,
46,0,2,2,
51,0,1,0,
52,-50,0,0,
61,-100,0,0,
71,50,1,0,
72,-100,0,0,
81,50,0,0,
91,-100,0,0,
96,-50,0,0,
101,0,2,-2,
111,0,2,2,
121,0,0,0,
126,0,0,0,
12,12,1,043スカート(奥).png<color=3>
5
-69,1000,1,0,
-19,0,1,0,
-8,1000,1,0,
51,1000,1,0,
101,1000,0,0,
13,2,1,030上半身1.png<color=0>
9
-69,30,1,0,
-49,116,1,0,
-33,30,1,0,
-20,30,1,0,
-19,32,1,0,
-8,116,1,0,
51,116,1,0,
101,116,1,0,
121,30,0,0,
13,4,1,030上半身1.png<color=0>
26
-69,0,2,-4,
-59,0,2,-2,
-54,2,2,2,
-49,1,0,0,
-41,1,0,0,
-34,1,2,-2,
-26,1,2,2,
-19,0,0,0,
-14,0,0,0,
-9,0,1,-2,
-8,1,2,-2,
0,2,2,2,
8,2,0,0,
28,2,2,-2,
41,2,0,0,
51,0,1,0,
52,1,0,0,
61,1,0,0,
71,1,0,0,
81,1,0,0,
91,0,0,0,
96,0,0,0,
101,1,2,-2,
111,1,2,2,
121,0,0,0,
126,0,0,0,
13,11,1,030上半身1.png<color=0>
26
-69,0,2,-4,
-59,-50,2,-2,
-54,50,2,2,
-49,-200,0,0,
-41,-220,0,0,
-34,-200,2,-2,
-26,100,2,2,
-19,0,0,0,
-14,20,0,0,
-9,0,1,-2,
-8,-100,2,-2,
0,200,2,2,
8,-100,0,0,
28,-100,2,-2,
41,100,2,2,
51,-50,1,0,
52,-100,0,0,
61,150,0,0,
71,-100,0,0,
81,100,0,0,
91,-100,0,0,
96,0,0,0,
101,50,2,-2,
111,70,2,2,
121,50,0,0,
126,0,0,0,
14,4,1,029★.png<color=3>
8
-69,0,1,0,
48,0,0,0,
51,3,1,0,
52,13,0,0,
55,0,0,0,
71,0,1,0,
72,7,0,0,
76,0,0,0,
16,3,1,028左腕 上腕.png<color=1>
5
-69,70,1,0,
-19,0,1,0,
-8,100,1,0,
51,100,1,0,
101,70,0,0,
16,4,1,028左腕 上腕.png<color=2>
13
-69,0,1,0,
-54,0,1,0,
-49,-2,1,0,
-33,0,1,0,
-8,0,0,0,
-4,1,1,0,
8,0,1,0,
61,0,1,0,
71,2,1,0,
72,0,1,0,
101,-2,0,0,
121,-2,0,0,
126,0,0,0,
16,5,1,028左腕 上腕.png<color=2>
10
-69,0,1,0,
-54,0,1,0,
-49,3,1,0,
-33,0,1,0,
-8,0,0,0,
-4,3,1,0,
8,0,1,0,
101,0,0,0,
121,0,0,0,
126,0,0,0,
16,11,1,028左腕 上腕.png<color=1>
29
-69,0,2,-4,
-59,100,2,-2,
-51,400,2,2,
-49,-700,0,0,
-34,-700,2,-2,
-26,0,0,0,
-19,500,0,0,
-9,500,2,-2,
0,-900,2,2,
7,-678,1,2,
8,-190,0,0,
15,-181,0,0,
28,-169,2,-2,
41,-600,2,2,
51,150,1,0,
52,600,0,0,
56,0,0,0,
61,150,0,0,
71,-800,1,0,
72,300,1,0,
73,600,0,0,
81,-800,0,0,
91,150,1,0,
92,148,0,0,
100,-900,1,0,
101,-600,2,-2,
111,-550,2,2,
121,-173,0,0,
126,0,0,0,
16,13,1,028左腕 上腕.png<color=1>
9
-69,0,1,0,
-19,0,1,0,
-8,1,1,0,
51,1,1,0,
52,0,1,0,
53,1,1,0,
72,0,1,0,
73,1,1,0,
101,0,0,0,
17,3,1,027左腕　下腕new.png<color=4>
5
-69,71,1,0,
-19,0,1,0,
-8,101,1,0,
51,101,1,0,
101,101,0,0,
17,4,1,027左腕　下腕new.png<color=4>
6
-69,1,1,0,
-49,0,0,0,
-24,0,1,0,
-8,0,1,0,
101,0,0,0,
126,1,1,0,
17,5,1,027左腕　下腕new.png<color=4>
10
-69,-2,1,0,
-49,0,1,0,
-29,0,0,0,
-24,-3,1,0,
-8,0,1,0,
47,0,0,0,
51,-3,0,0,
57,0,1,0,
101,-2,1,0,
131,-2,1,0,
17,11,1,027左腕　下腕new.png<color=4>
24
-69,0,2,-4,
-59,-100,2,-2,
-54,-100,2,2,
-50,4,1,2,
-49,900,0,0,
-34,900,0,0,
-26,0,0,0,
-19,-300,0,0,
-9,-300,2,-2,
0,400,2,2,
8,900,0,0,
31,900,2,-2,
41,600,2,2,
51,-300,1,0,
52,-600,0,0,
61,900,0,0,
71,900,0,0,
81,600,0,0,
91,900,2,-2,
100,600,1,-2,
101,-150,2,-2,
111,-130,2,2,
121,-80,0,0,
126,0,0,0,
18,2,1,024左腕　手1.png<color=15>
5
-69,21,1,0,
-19,21,1,0,
-8,97,1,0,
51,97,1,0,
101,21,0,0,
18,3,1,024左腕　手1.png<color=15>
5
-69,74,1,0,
-19,0,1,0,
-8,104,1,0,
51,104,1,0,
101,104,0,0,
18,11,1,024左腕　手1.png<color=15>
7
-69,0,1,0,
-19,0,1,0,
-8,0,1,0,
51,0,0,0,
101,0,0,0,
121,0,0,0,
126,0,0,0,
18,14,1,024左腕　手1.png<color=15>
7
-69,0,1,0,
-19,0,1,0,
-8,0,1,0,
51,0,1,0,
52,1,1,0,
53,0,1,0,
101,0,0,0,
19,3,1,020左腕　握り指1.png<color=15>
3
-69,75,1,0,
-8,75,1,0,
101,102,1,0,
19,12,1,020左腕　握り指1.png<color=15>
3
-69,1000,1,0,
-8,0,1,0,
101,1000,1,0,
20,2,1,022左腕　人差し指1.png<color=15>
4
-69,22,1,0,
-8,22,1,0,
101,26,1,0,
121,22,1,0,
20,3,1,022左腕　人差し指1.png<color=15>
3
-69,72,1,0,
-8,72,1,0,
101,100,1,0,
20,12,1,022左腕　人差し指1.png<color=15>
3
-69,1000,1,0,
-8,0,1,0,
101,1000,1,0,
21,3,1,025光線銃.png<color=15>
3
-69,73,1,0,
-8,102,1,0,
101,102,1,0,
21,4,1,025光線銃.png<color=4>
3
-69,0,1,0,
-8,-3,1,0,
52,0,1,0,
21,5,1,025光線銃.png<color=4>
3
-69,0,1,0,
-8,-3,1,0,
52,0,1,0,
22,3,1,028左腕 上腕.png<color=2>
3
-69,51,1,0,
-19,63,1,0,
-8,51,1,0,
22,4,1,028左腕 上腕.png<color=2>
22
-69,0,2,-4,
-59,5,2,-2,
-54,5,2,2,
-49,0,0,0,
-34,0,2,-2,
-26,5,0,0,
-19,2,0,0,
-9,4,0,-2,
-7,8,0,-2,
0,8,2,2,
8,10,0,0,
31,10,2,-2,
41,4,2,2,
51,4,0,0,
61,9,0,0,
71,0,1,0,
72,9,0,0,
81,0,0,0,
91,9,1,0,
92,4,0,0,
121,4,0,0,
126,0,0,0,
22,5,1,028左腕 上腕.png<color=2>
21
-69,0,0,0,
-59,0,0,0,
-54,0,0,0,
-49,0,0,0,
-34,0,0,0,
-26,0,0,0,
-19,0,0,0,
-9,0,0,0,
0,0,0,0,
8,-4,0,0,
31,-4,2,-2,
41,0,2,2,
51,0,0,0,
61,0,0,0,
71,0,1,0,
72,0,0,0,
81,0,0,0,
91,0,1,0,
92,0,0,0,
121,0,0,0,
126,0,0,0,
22,11,1,028左腕 上腕.png<color=2>
23
-69,0,2,-4,
-59,-100,2,-2,
-54,-120,2,2,
-49,0,0,0,
-34,0,2,-2,
-26,500,2,2,
-19,-250,0,0,
-9,-250,2,-2,
0,900,2,2,
7,571,1,2,
8,100,0,0,
14,90,0,0,
28,80,2,-2,
41,300,2,2,
51,-200,0,0,
61,600,0,0,
71,-200,1,0,
72,600,0,0,
81,-400,0,0,
91,600,0,0,
96,-200,0,0,
121,-200,0,0,
126,0,0,0,
22,12,1,028左腕 上腕.png<color=2>
3
-69,1000,1,0,
101,0,1,0,
126,1000,1,0,
23,3,1,028左腕 上腕.png<color=2>
3
-69,52,1,0,
-19,64,1,0,
-8,52,1,0,
23,5,1,027左腕　下腕new.png<color=4>
11
-69,-2,1,0,
-34,0,0,0,
-29,-3,0,0,
-24,-2,1,0,
-19,0,1,0,
-8,0,1,0,
46,0,0,0,
51,-2,0,0,
60,0,1,0,
101,-2,1,0,
131,-2,1,0,
23,9,1,027左腕　下腕new.png<color=5>
3
-69,1000,1,0,
126,800,1,0,
127,1000,1,0,
23,11,1,027左腕　下腕new.png<color=5>
21
-69,0,2,-4,
-59,200,2,-2,
-54,250,2,2,
-49,0,0,0,
-34,0,2,-2,
-26,400,2,2,
-19,-700,0,0,
-9,-700,2,-2,
0,-300,2,2,
8,-700,0,0,
28,-700,2,-2,
41,-200,2,2,
51,0,1,0,
52,300,0,0,
61,-400,0,0,
71,-700,0,0,
81,-600,0,0,
91,-700,2,-2,
101,0,0,0,
126,400,1,0,
127,0,1,0,
24,3,1,028左腕 上腕.png<color=2>
3
-69,54,1,0,
-19,66,1,0,
-8,54,1,0,
24,3,1,025光線銃.png<color=8>
3
-69,54,1,0,
126,97,1,0,
127,54,1,0,
27,3,1,025光線銃.png<color=8>
3
-69,53,1,0,
126,96,1,0,
127,53,1,0,
28,12,1,044右腕　上腕.png<color=2>
3
-69,0,1,0,
101,1000,1,0,
126,0,1,0,
29,5,1,045右腕　下腕.png<color=5>
2
-69,0,1,0,
125,1,1,0,
29,11,1,045右腕　下腕.png<color=5>
2
-69,0,1,0,
125,-200,1,0,
31,9,1,040右足　もも.png<color=2>
5
-69,1000,1,0,
50,1000,1,0,
51,936,1,0,
52,950,1,0,
53,1000,0,0,
31,11,1,040右足　もも.png<color=2>
24
-69,0,2,-4,
-59,50,2,-2,
-54,-100,2,2,
-49,200,0,0,
-34,250,2,-2,
-26,0,0,0,
-19,0,0,0,
-9,0,0,0,
0,0,0,0,
8,100,0,0,
28,100,0,0,
41,-100,0,0,
46,-50,0,0,
51,200,0,0,
60,-100,0,0,
71,300,1,0,
72,150,0,0,
81,-100,0,0,
91,300,0,0,
96,-100,0,0,
101,0,2,-2,
111,-100,2,2,
121,0,0,0,
126,0,0,0,
32,12,1,015ほっぺカラー.png<color=3>
3
-69,1000,1,0,
52,0,1,0,
61,1000,1,0,
33,2,1,006表情　通常.png<color=0>
20
-69,6,1,0,
-64,99,1,0,
-49,7,1,0,
-34,7,1,0,
-28,99,1,0,
-19,8,1,0,
-8,99,1,0,
8,99,1,0,
18,99,1,0,
29,9,1,0,
52,0,1,0,
61,7,1,0,
92,7,1,0,
93,99,1,0,
101,10,1,0,
126,99,1,0,
127,100,1,0,
129,101,1,0,
130,100,1,0,
131,6,1,0,
33,11,1,006表情　通常.png<color=0>
21
-69,0,1,0,
-64,-100,1,0,
-49,0,1,0,
-34,0,1,0,
-28,-100,1,0,
-19,0,1,0,
-8,0,1,0,
1,0,1,0,
8,-100,1,0,
18,-100,1,0,
29,-50,1,0,
52,0,1,0,
61,0,1,0,
92,0,1,0,
93,-111,1,0,
101,-50,1,0,
126,-100,1,0,
127,0,1,0,
129,-50,1,0,
130,0,1,0,
131,0,1,0,
39,4,1,057UFO上部.png<color=0>
21
-69,0,0,0,
-59,4,0,0,
-49,0,0,0,
-39,4,0,0,
-29,0,0,0,
-19,4,0,0,
-9,0,0,0,
1,4,0,0,
11,0,0,0,
21,4,0,0,
31,0,0,0,
41,4,0,0,
51,0,0,0,
61,4,0,0,
71,0,0,0,
81,4,0,0,
91,0,0,0,
101,4,0,0,
111,0,0,0,
121,4,0,0,
131,0,0,0,
39,9,1,001影.png<color=9>
36
-69,1000,0,0,
-59,1100,1,0,
-58,1300,0,0,
-50,900,1,0,
-49,1300,0,0,
-45,1350,0,0,
-36,1000,0,0,
-33,1100,0,0,
-30,1000,0,0,
-20,1000,1,0,
-19,1200,0,0,
-9,1000,1,0,
-8,1200,0,0,
7,1000,1,0,
8,1200,0,0,
11,1250,0,0,
31,1000,1,0,
32,900,0,0,
46,800,0,0,
50,850,1,0,
51,1000,0,0,
61,1000,1,0,
62,1200,0,0,
68,1250,0,0,
72,1171,1,0,
73,1400,0,0,
81,1000,1,0,
82,1200,0,0,
90,1000,1,0,
91,1200,0,0,
93,1000,0,0,
100,900,1,0,
101,1200,0,0,
104,1000,0,0,
123,1200,0,0,
131,1000,0,0,
40,4,1,057UFO上部.png<color=0>
21
-69,0,0,0,
-59,4,0,0,
-49,0,0,0,
-39,4,0,0,
-29,0,0,0,
-19,4,0,0,
-9,0,0,0,
1,4,0,0,
11,0,0,0,
21,4,0,0,
31,0,0,0,
41,4,0,0,
51,0,0,0,
61,4,0,0,
71,0,0,0,
81,4,0,0,
91,0,0,0,
101,4,0,0,
111,0,0,0,
121,4,0,0,
131,0,0,0,
40,5,1,057UFO上部.png<color=0>
45
-69,0,0,0,
-59,5,1,0,
-58,10,0,0,
-52,5,0,0,
-50,4,1,0,
-49,8,0,0,
-45,10,0,0,
-36,-5,0,0,
-33,0,0,0,
-31,-5,0,0,
-24,0,0,0,
-20,1,1,0,
-19,6,0,0,
-15,9,0,0,
-9,4,1,0,
-8,9,0,0,
7,-3,1,0,
8,6,0,0,
11,8,0,0,
21,6,0,0,
29,4,0,0,
31,3,1,0,
32,-4,0,0,
43,-10,0,0,
50,-8,1,0,
51,-4,0,0,
54,-5,0,0,
59,-5,0,0,
61,-4,1,0,
62,2,0,0,
67,5,0,0,
72,5,1,0,
73,12,0,0,
81,5,1,0,
82,12,0,0,
90,4,1,0,
91,12,0,0,
93,4,0,0,
100,-1,1,0,
101,12,0,0,
104,-5,0,0,
111,0,0,0,
121,5,0,0,
124,5,0,0,
131,0,0,0,
40,11,1,057UFO上部.png<color=0>
36
-69,0,2,-2,
-59,16,0,0,
-56,10,0,0,
-50,45,1,0,
-49,107,0,0,
-45,136,0,0,
-34,64,0,0,
-19,65,0,0,
-16,66,0,0,
-14,61,0,0,
-11,69,0,0,
-9,65,0,0,
7,65,1,0,
8,71,0,0,
10,58,0,0,
13,66,0,0,
61,71,1,0,
62,96,0,0,
64,120,0,0,
69,73,0,0,
71,73,1,0,
72,21,0,0,
74,15,0,0,
81,71,1,0,
82,120,0,0,
85,129,0,0,
90,75,1,0,
91,26,0,0,
94,16,0,0,
102,74,0,0,
105,84,0,0,
109,71,0,0,
112,84,0,0,
116,73,0,0,
124,80,0,0,
131,0,0,0,
43,4,1,062ネコ身体.png<color=11>
7
-69,0,0,-3,
-59,-11,0,2,
-52,-9,0,2,
-49,-7,0,0,
-44,-7,0,0,
124,-7,0,0,
131,0,0,0,
43,5,1,062ネコ身体.png<color=11>
43
-69,0,2,-3,
-59,2,2,-3,
-54,-20,2,2,
-49,0,0,0,
-34,0,2,-2,
-26,-14,0,0,
-19,7,0,0,
-13,9,0,0,
-9,7,1,-2,
-8,-4,2,-2,
0,-20,2,2,
8,7,0,0,
13,7,0,0,
18,7,0,0,
25,7,0,0,
36,7,0,0,
46,7,0,0,
48,4,0,0,
51,-3,2,-2,
56,-13,2,2,
61,0,1,0,
62,4,0,0,
66,-13,1,0,
67,-14,0,0,
71,0,1,0,
72,4,0,0,
76,-13,1,0,
77,-14,0,0,
81,0,1,0,
82,4,0,0,
86,-13,1,0,
87,-14,0,0,
91,0,1,-2,
92,4,0,-2,
94,-17,0,-2,
96,-17,2,2,
101,4,0,0,
106,6,0,0,
111,4,0,0,
124,4,0,0,
127,-15,1,0,
128,-15,0,0,
131,0,0,0,
43,11,1,062ネコ身体.png<color=11>
6
-69,0,0,0,
-59,-144,0,0,
-56,-150,0,0,
-44,-80,0,0,
124,-80,0,0,
131,0,0,0,
44,4,1,060ネコ顔.png<color=12>
22
-69,0,0,-3,
-59,0,0,-3,
-51,0,0,0,
-49,-7,0,0,
-34,-7,2,-2,
-26,-7,2,2,
-19,-7,0,0,
-9,-7,0,0,
1,-7,0,0,
8,-7,0,0,
28,-7,2,-2,
41,-3,2,2,
51,-7,0,0,
53,5,0,0,
61,5,0,0,
71,5,1,0,
72,-7,0,0,
81,-7,0,0,
91,-7,0,0,
101,0,0,0,
124,0,0,0,
131,0,0,0,
45,4,1,061ネコ左手.png<color=11>
21
-69,0,0,-3,
-59,0,0,-3,
-51,0,0,0,
-49,-11,0,0,
-34,-11,2,-2,
-26,-5,2,2,
-19,-11,0,0,
-9,-11,0,0,
1,-11,0,0,
8,-11,0,0,
28,-11,2,-2,
41,-3,2,2,
51,-11,1,0,
52,-1,0,0,
61,0,0,0,
71,0,0,0,
81,-11,0,0,
91,-11,0,0,
101,0,0,0,
124,0,0,0,
131,0,0,0,
45,5,1,061ネコ左手.png<color=11>
20
-69,0,0,-3,
-59,0,0,-3,
-51,0,0,0,
-49,-11,0,0,
-34,-11,2,-2,
-26,0,2,2,
-19,-11,0,0,
-9,-11,0,0,
1,-11,0,0,
8,0,0,0,
28,0,2,-2,
41,-5,2,2,
51,0,0,0,
61,-11,0,0,
71,0,0,0,
81,-11,0,0,
91,4,0,0,
101,0,0,0,
124,0,0,0,
131,0,0,0,
45,11,1,061ネコ左手.png<color=11>
24
-69,0,0,-3,
-59,0,0,-3,
-51,0,0,0,
-49,-600,0,0,
-34,-600,2,-2,
-26,0,2,2,
-19,-600,0,0,
-9,-600,1,0,
-8,0,1,0,
-7,300,2,-2,
1,-900,2,2,
8,0,0,0,
28,0,2,-2,
41,-900,2,2,
51,0,0,0,
61,-600,0,0,
71,0,0,0,
73,600,0,0,
81,-900,0,0,
91,0,0,0,
100,-900,1,0,
101,-900,0,0,
124,-900,0,0,
131,0,0,0,
45,13,1,061ネコ左手.png<color=11>
5
-69,0,1,0,
-7,1,1,0,
52,0,1,0,
73,1,1,0,
101,0,1,0,
46,3,1,065ネコ右手.png<color=12>
7
-69,22,1,0,
-7,22,1,0,
52,22,1,0,
53,25,1,0,
72,22,1,0,
101,25,1,0,
125,22,1,0,
46,4,1,065ネコ右手.png<color=12>
21
-69,0,0,-3,
-59,0,0,-3,
-51,0,0,0,
-49,4,0,0,
-34,4,2,-2,
-26,0,2,2,
-19,4,0,0,
-9,4,0,0,
1,0,0,0,
8,5,0,0,
28,5,2,-2,
41,0,2,2,
51,4,0,0,
61,6,0,0,
71,0,0,0,
80,4,0,0,
91,0,0,0,
101,-1,0,0,
116,-1,0,0,
124,-1,0,0,
131,0,0,0,
46,5,1,065ネコ右手.png<color=12>
21
-69,0,0,-3,
-59,0,0,-3,
-51,0,0,0,
-49,15,0,0,
-34,15,2,-2,
-26,0,2,2,
-19,15,0,0,
-9,15,0,0,
1,0,0,0,
8,14,0,0,
28,14,2,-2,
41,0,2,2,
51,15,0,0,
53,10,0,0,
61,10,0,0,
71,5,0,0,
80,15,0,0,
91,5,0,0,
101,8,0,0,
124,8,0,0,
131,0,0,0,
46,11,1,065ネコ右手.png<color=12>
22
-69,0,0,-3,
-59,0,0,-3,
-51,0,0,0,
-49,-900,0,0,
-34,-900,2,-2,
-26,0,2,2,
-19,-900,0,0,
-9,-900,2,-2,
1,0,2,2,
8,-700,0,0,
28,-700,2,-2,
41,0,2,2,
51,-450,0,0,
61,-600,0,0,
71,0,0,0,
73,-200,0,0,
81,-900,0,0,
91,0,0,0,
100,-900,1,0,
101,0,0,0,
124,0,0,0,
131,0,0,0,
46,13,1,065ネコ右手.png<color=12>
6
-69,0,1,0,
-7,0,1,0,
52,0,1,0,
53,1,1,0,
72,0,1,0,
101,0,1,0,
47,4,1,063ネコ耳右.png<color=11>
5
-69,0,1,0,
53,9,1,0,
72,0,1,0,
101,9,1,0,
131,0,1,0,
47,11,1,063ネコ耳右.png<color=11>
5
-69,0,1,0,
53,200,1,0,
72,0,1,0,
101,100,1,0,
131,0,1,0,
47,13,1,063ネコ耳右.png<color=11>
6
-69,0,1,0,
-49,0,1,0,
53,1,1,0,
72,0,1,0,
101,1,1,0,
131,0,1,0,
48,4,1,063ネコ耳右.png<color=11>
5
-69,0,1,0,
53,1,1,0,
72,0,1,0,
101,0,1,0,
131,0,1,0,
48,13,1,063ネコ耳右.png<color=11>
6
-69,0,1,0,
-49,0,1,0,
53,1,1,0,
72,0,1,0,
101,0,1,0,
131,0,1,0,
49,4,1,066ネコ左足.png<color=11>
25
-69,0,0,-3,
-59,0,0,-3,
-51,-10,0,0,
-49,-10,0,0,
-34,-10,2,-2,
-26,-10,2,2,
-19,-6,0,0,
-9,-6,0,0,
-7,-10,0,0,
1,-10,0,0,
8,-11,0,0,
28,-11,2,-2,
41,-11,2,2,
50,-10,1,2,
51,-9,0,0,
61,-10,0,0,
71,-3,1,0,
72,-3,1,0,
73,-3,0,0,
81,-10,0,0,
91,-3,0,0,
100,-10,1,0,
101,-9,0,0,
124,-9,0,0,
131,0,0,0,
49,5,1,066ネコ左足.png<color=11>
26
-69,0,0,-3,
-59,0,0,-3,
-54,3,0,-3,
-51,5,0,0,
-49,4,0,0,
-34,4,2,-2,
-26,4,2,2,
-19,3,0,0,
-9,3,0,0,
-7,7,0,0,
1,7,0,0,
8,5,0,0,
28,5,2,-2,
41,5,2,2,
50,4,1,2,
51,4,0,0,
61,4,0,0,
71,4,1,0,
72,3,1,0,
73,4,0,0,
81,4,0,0,
91,4,0,0,
100,4,1,0,
101,5,0,0,
124,5,0,0,
131,0,0,0,
49,11,1,066ネコ左足.png<color=11>
26
-69,0,0,-3,
-59,0,0,-3,
-51,700,0,0,
-49,900,0,0,
-34,900,2,-2,
-26,800,2,2,
-19,1200,0,0,
-9,1200,0,0,
-7,500,0,0,
1,700,0,0,
8,500,0,0,
28,500,0,0,
41,500,2,2,
50,900,1,2,
51,1000,0,0,
61,900,0,0,
71,100,1,0,
72,-50,1,0,
73,0,0,0,
81,1000,0,0,
91,0,0,0,
100,500,1,0,
101,1300,0,0,
124,1300,1,0,
125,500,0,0,
131,0,0,0,
49,13,1,066ネコ左足.png<color=11>
8
-69,0,1,0,
-49,1,1,0,
-7,0,1,0,
8,0,1,0,
72,0,1,0,
101,1,1,0,
125,0,1,0,
131,0,1,0,
50,4,1,067ネコ右足.png<color=12>
25
-69,0,0,-3,
-59,0,0,-3,
-51,-3,0,0,
-49,-8,0,0,
-34,-8,2,-2,
-26,2,2,2,
-19,-5,0,0,
-9,-5,0,0,
-7,-5,0,0,
1,-5,0,0,
8,-1,0,0,
28,-1,2,-2,
41,-1,2,2,
50,2,1,2,
51,4,0,0,
61,-7,0,0,
71,2,1,0,
72,2,1,0,
73,2,0,0,
81,6,0,0,
91,0,0,0,
100,0,1,0,
101,-3,0,0,
124,-3,0,0,
131,0,0,0,
50,5,1,067ネコ右足.png<color=12>
25
-69,0,0,-3,
-59,0,0,-3,
-51,-1,0,0,
-49,-3,0,0,
-34,-3,2,-2,
-26,0,2,2,
-19,-2,0,0,
-9,-2,0,0,
-7,-2,0,0,
1,-2,0,0,
8,2,0,0,
28,2,2,-2,
41,2,2,2,
50,2,1,2,
51,2,0,0,
61,-3,0,0,
71,2,1,0,
72,2,1,0,
73,2,0,0,
81,-5,0,0,
91,2,0,0,
100,0,1,0,
101,2,0,0,
124,2,0,0,
131,0,0,0,
50,11,1,067ネコ右足.png<color=12>
24
-69,0,0,-3,
-59,0,0,-3,
-51,0,1,0,
-49,-300,0,0,
-34,-300,2,-2,
-26,100,2,2,
-19,0,0,0,
-9,0,0,0,
-7,0,0,0,
1,0,0,0,
7,0,1,0,
8,-200,0,0,
28,-200,2,-2,
41,-200,2,2,
51,0,0,0,
61,-600,0,0,
71,100,0,0,
73,-200,0,0,
81,900,0,0,
91,0,0,0,
100,100,1,0,
101,-200,0,0,
124,-200,0,0,
131,0,0,0,
50,13,1,067ネコ右足.png<color=12>
5
-69,0,1,0,
-49,1,1,0,
-7,0,1,0,
8,1,1,0,
131,0,1,0,
52,4,1,057UFO上部.png<color=0>
21
-69,0,0,0,
-59,-4,0,0,
-49,0,0,0,
-39,-4,0,0,
-29,0,0,0,
-19,-4,0,0,
-9,0,0,0,
1,-4,0,0,
11,0,0,0,
21,-4,0,0,
31,0,0,0,
41,-4,0,0,
51,0,0,0,
61,-4,0,0,
71,0,0,0,
81,-4,0,0,
91,0,0,0,
101,-4,0,0,
111,0,0,0,
121,-4,0,0,
131,0,0,0,
52,9,1,001影.png<color=9>
36
-69,1000,0,0,
-59,1100,1,0,
-58,1300,0,0,
-50,900,1,0,
-49,1300,0,0,
-45,1350,0,0,
-36,1000,0,0,
-33,1100,0,0,
-30,1000,0,0,
-20,1000,1,0,
-19,1200,0,0,
-9,1000,1,0,
-8,1200,0,0,
7,1000,1,0,
8,1200,0,0,
11,1250,0,0,
31,1000,1,0,
32,900,0,0,
46,800,0,0,
50,850,1,0,
51,1000,0,0,
61,1000,1,0,
62,1200,0,0,
68,1250,0,0,
72,1171,1,0,
73,1400,0,0,
81,1000,1,0,
82,1200,0,0,
90,1000,1,0,
91,1200,0,0,
93,1000,0,0,
100,900,1,0,
101,1200,0,0,
104,1000,0,0,
123,1200,0,0,
131,1000,0,0,
53,4,1,057UFO上部.png<color=0>
21
-69,0,0,0,
-59,-4,0,0,
-49,0,0,0,
-39,-4,0,0,
-29,0,0,0,
-19,-4,0,0,
-9,0,0,0,
1,-4,0,0,
11,0,0,0,
21,-4,0,0,
31,0,0,0,
41,-4,0,0,
51,0,0,0,
61,-4,0,0,
71,0,0,0,
81,-4,0,0,
91,0,0,0,
101,-4,0,0,
111,0,0,0,
121,-4,0,0,
131,0,0,0,
53,5,1,057UFO上部.png<color=0>
45
-69,0,0,0,
-59,5,1,0,
-58,10,0,0,
-52,5,0,0,
-50,4,1,0,
-49,8,0,0,
-45,10,0,0,
-36,-5,0,0,
-33,0,0,0,
-31,-5,0,0,
-24,0,0,0,
-20,1,1,0,
-19,6,0,0,
-15,9,0,0,
-9,4,1,0,
-8,9,0,0,
7,-3,1,0,
8,6,0,0,
11,8,0,0,
21,6,0,0,
29,4,0,0,
31,3,1,0,
32,-4,0,0,
43,-10,0,0,
50,-8,1,0,
51,-4,0,0,
54,-5,0,0,
59,-5,0,0,
61,-4,1,0,
62,2,0,0,
67,5,0,0,
72,5,1,0,
73,12,0,0,
81,5,1,0,
82,12,0,0,
90,4,1,0,
91,12,0,0,
93,4,0,0,
100,-1,1,0,
101,12,0,0,
104,-5,0,0,
111,0,0,0,
121,5,0,0,
124,5,0,0,
131,0,0,0,
53,11,1,057UFO上部.png<color=0>
36
-69,0,2,-2,
-59,-144,0,0,
-56,-150,0,0,
-50,-115,1,0,
-49,-53,0,0,
-45,-24,0,0,
-34,-96,0,0,
-19,-95,0,0,
-16,-94,0,0,
-14,-99,0,0,
-11,-91,0,0,
-9,-95,0,0,
7,-95,1,0,
8,-89,0,0,
10,-102,0,0,
13,-94,0,0,
61,-89,1,0,
62,-64,0,0,
64,-40,0,0,
69,-87,0,0,
71,-87,1,0,
72,-139,0,0,
74,-145,0,0,
81,-89,1,0,
82,-40,0,0,
85,-31,0,0,
90,-85,1,0,
91,-134,0,0,
94,-144,0,0,
102,-86,0,0,
105,-76,0,0,
109,-89,0,0,
112,-76,0,0,
116,-87,0,0,
124,-80,0,0,
131,0,0,0,
56,4,1,062ネコ身体.png<color=11>
16
-69,0,0,-3,
-59,11,0,2,
-52,9,0,2,
-49,7,0,0,
-44,7,0,0,
-26,7,2,-2,
-19,1,0,0,
-9,1,2,-2,
0,1,0,0,
8,1,0,0,
46,1,0,0,
56,7,0,0,
96,7,0,0,
101,3,0,0,
124,3,0,0,
131,0,0,0,
56,5,1,062ネコ身体.png<color=11>
43
-69,0,2,-3,
-59,2,2,-3,
-54,-20,2,2,
-49,0,0,0,
-34,0,2,-2,
-26,-14,0,0,
-19,7,0,0,
-13,9,0,0,
-9,7,1,-2,
-8,-4,2,-2,
0,-20,2,2,
8,7,0,0,
13,7,0,0,
18,7,0,0,
25,7,0,0,
36,7,0,0,
46,7,0,0,
48,4,0,0,
51,-3,2,-2,
56,-13,2,2,
61,0,1,0,
62,4,0,0,
66,-13,1,0,
67,-14,0,0,
71,0,1,0,
72,4,0,0,
76,-13,1,0,
77,-14,0,0,
81,0,1,0,
82,4,0,0,
86,-13,1,0,
87,-14,0,0,
91,0,1,-2,
92,4,0,-2,
94,-17,0,-2,
96,-17,2,2,
101,6,0,0,
106,8,0,0,
111,6,0,0,
124,6,0,0,
127,-15,1,0,
128,-15,0,0,
131,0,0,0,
56,11,1,062ネコ身体.png<color=11>
6
-69,0,0,0,
-59,144,0,0,
-56,150,0,0,
-44,80,0,0,
124,80,0,0,
131,0,0,0,
57,4,1,060ネコ顔.png<color=12>
22
-69,0,0,-3,
-59,0,0,-3,
-51,0,0,0,
-49,-7,0,0,
-34,-7,2,-2,
-26,-7,2,2,
-19,-7,0,0,
-9,-7,0,0,
1,-7,0,0,
8,-7,0,0,
28,-7,2,-2,
41,-3,2,2,
51,-7,0,0,
53,5,0,0,
61,5,0,0,
71,5,1,0,
72,-7,0,0,
81,-7,0,0,
91,-7,0,0,
101,0,0,0,
124,0,0,0,
131,0,0,0,
58,4,1,061ネコ左手.png<color=11>
21
-69,0,0,-3,
-59,0,0,-3,
-51,0,0,0,
-49,-11,0,0,
-34,-11,2,-2,
-26,-5,2,2,
-19,-11,0,0,
-9,-11,0,0,
1,-11,0,0,
8,-11,0,0,
28,-11,2,-2,
41,-3,2,2,
51,-11,1,0,
52,-1,0,0,
61,0,0,0,
71,0,0,0,
81,-11,0,0,
91,-11,0,0,
101,-2,0,0,
124,-2,0,0,
131,0,0,0,
58,5,1,061ネコ左手.png<color=11>
20
-69,0,0,-3,
-59,0,0,-3,
-51,0,0,0,
-49,-11,0,0,
-34,-11,2,-2,
-26,0,2,2,
-19,-11,0,0,
-9,-11,0,0,
1,-11,0,0,
8,0,0,0,
28,0,2,-2,
41,-5,2,2,
51,0,0,0,
61,-11,0,0,
71,0,0,0,
81,-11,0,0,
91,4,0,0,
101,0,0,0,
124,0,0,0,
131,0,0,0,
58,11,1,061ネコ左手.png<color=11>
24
-69,0,0,-3,
-59,0,0,-3,
-51,0,0,0,
-49,-600,0,0,
-34,-600,2,-2,
-26,0,2,2,
-19,-600,0,0,
-9,-600,1,0,
-8,0,1,0,
-7,300,2,-2,
1,-900,2,2,
8,0,0,0,
28,0,2,-2,
41,-900,2,2,
51,0,0,0,
61,-600,0,0,
71,0,0,0,
73,600,0,0,
81,-900,0,0,
91,0,0,0,
100,-900,1,0,
101,-900,0,0,
124,-900,0,0,
131,0,0,0,
58,13,1,061ネコ左手.png<color=11>
5
-69,0,1,0,
-7,1,1,0,
52,0,1,0,
73,1,1,0,
101,0,1,0,
59,3,1,065ネコ右手.png<color=12>
7
-69,22,1,0,
-7,22,1,0,
52,22,1,0,
53,25,1,0,
72,22,1,0,
101,25,1,0,
125,22,1,0,
59,4,1,065ネコ右手.png<color=12>
21
-69,0,0,-3,
-59,0,0,-3,
-51,0,0,0,
-49,4,0,0,
-34,4,2,-2,
-26,0,2,2,
-19,4,0,0,
-9,4,0,0,
1,0,0,0,
8,6,0,0,
28,6,2,-2,
41,0,2,2,
51,4,0,0,
61,6,0,0,
71,0,0,0,
80,4,0,0,
91,0,0,0,
101,-1,0,0,
116,-1,0,0,
124,-1,0,0,
131,0,0,0,
59,5,1,065ネコ右手.png<color=12>
21
-69,0,0,-3,
-59,0,0,-3,
-51,0,0,0,
-49,15,0,0,
-34,15,2,-2,
-26,0,2,2,
-19,15,0,0,
-9,15,0,0,
1,0,0,0,
8,10,0,0,
28,10,2,-2,
41,0,2,2,
51,15,0,0,
53,10,0,0,
61,10,0,0,
71,5,0,0,
80,15,0,0,
91,5,0,0,
101,8,0,0,
124,8,0,0,
131,0,0,0,
59,11,1,065ネコ右手.png<color=12>
22
-69,0,0,-3,
-59,0,0,-3,
-51,0,0,0,
-49,-900,0,0,
-34,-900,2,-2,
-26,0,2,2,
-19,-900,0,0,
-9,-900,2,-2,
1,0,2,2,
8,-700,0,0,
28,-700,2,-2,
41,0,2,2,
51,-450,0,0,
61,-600,0,0,
71,0,0,0,
73,-200,0,0,
81,-900,0,0,
91,0,0,0,
100,-900,1,0,
101,0,0,0,
124,0,0,0,
131,0,0,0,
59,13,1,065ネコ右手.png<color=12>
6
-69,0,1,0,
-7,0,1,0,
52,0,1,0,
53,1,1,0,
72,0,1,0,
101,0,1,0,
60,4,1,063ネコ耳右.png<color=11>
5
-69,0,1,0,
53,9,1,0,
72,0,1,0,
101,9,1,0,
131,0,1,0,
60,11,1,063ネコ耳右.png<color=11>
5
-69,0,1,0,
53,200,1,0,
72,0,1,0,
101,100,1,0,
131,0,1,0,
60,13,1,063ネコ耳右.png<color=11>
6
-69,0,1,0,
-49,0,1,0,
53,1,1,0,
72,0,1,0,
101,1,1,0,
131,0,1,0,
61,4,1,063ネコ耳右.png<color=11>
5
-69,0,1,0,
53,1,1,0,
72,0,1,0,
101,0,1,0,
131,0,1,0,
61,13,1,063ネコ耳右.png<color=11>
6
-69,0,1,0,
-49,0,1,0,
53,1,1,0,
72,0,1,0,
101,0,1,0,
131,0,1,0,
62,4,1,066ネコ左足.png<color=11>
25
-69,-3,0,-3,
-59,-3,0,-3,
-51,-10,0,0,
-49,-10,0,0,
-34,-10,2,-2,
-26,-10,2,2,
-19,-6,0,0,
-9,-6,0,0,
-7,-10,0,0,
1,-10,0,0,
8,-11,0,0,
28,-11,2,-2,
41,-11,2,2,
50,-10,1,2,
51,-9,0,0,
61,-10,0,0,
71,-3,1,0,
72,-3,1,0,
73,-3,0,0,
81,-10,0,0,
91,-5,0,0,
100,-10,1,0,
101,-9,0,0,
124,-9,0,0,
131,-3,0,0,
62,5,1,066ネコ左足.png<color=11>
26
-69,0,0,-3,
-59,0,0,-3,
-54,3,0,-3,
-51,5,0,0,
-49,3,0,0,
-34,3,2,-2,
-26,3,2,2,
-19,3,0,0,
-9,3,0,0,
-7,6,0,0,
1,4,0,0,
8,5,0,0,
28,5,2,-2,
41,5,2,2,
50,4,1,2,
51,2,0,0,
61,2,0,0,
71,4,1,0,
72,2,1,0,
73,4,0,0,
81,4,0,0,
91,4,0,0,
100,4,1,0,
101,5,0,0,
124,5,0,0,
131,0,0,0,
62,11,1,066ネコ左足.png<color=11>
26
-69,0,0,-3,
-59,0,0,-3,
-51,700,0,0,
-49,900,0,0,
-34,900,2,-2,
-26,800,2,2,
-19,1200,0,0,
-9,1200,0,0,
-7,500,0,0,
1,700,0,0,
8,500,0,0,
28,500,0,0,
41,500,2,2,
50,900,1,2,
51,1000,0,0,
61,900,0,0,
71,100,1,0,
72,-50,1,0,
73,0,0,0,
81,1000,0,0,
91,0,0,0,
100,500,1,0,
101,1300,0,0,
124,1300,1,0,
125,500,0,0,
131,0,0,0,
62,13,1,066ネコ左足.png<color=11>
8
-69,0,1,0,
-49,1,1,0,
-7,0,1,0,
8,0,1,0,
72,0,1,0,
101,1,1,0,
125,0,1,0,
131,0,1,0,
63,4,1,067ネコ右足.png<color=12>
26
-69,0,0,-3,
-59,0,0,-3,
-51,-3,0,0,
-49,-8,0,0,
-34,-8,2,-2,
-26,2,2,2,
-19,-5,0,0,
-9,-5,0,0,
-7,-5,0,0,
1,-5,0,0,
7,-2,1,0,
8,-6,0,0,
28,-6,2,-2,
41,-6,2,2,
50,-6,1,2,
51,-5,0,0,
61,-10,0,0,
71,-2,1,0,
72,-2,1,0,
73,-2,0,0,
81,6,0,0,
91,-4,0,0,
100,-4,1,0,
101,-7,0,0,
124,-7,0,0,
131,0,0,0,
63,5,1,067ネコ右足.png<color=12>
26
-69,0,0,-3,
-59,0,0,-3,
-51,-1,0,0,
-49,-3,0,0,
-34,-3,2,-2,
-26,0,2,2,
-19,-2,0,0,
-9,-2,0,0,
-7,-2,0,0,
1,-2,0,0,
7,0,1,0,
8,-1,0,0,
28,-1,2,-2,
41,-1,2,2,
50,-1,1,2,
51,-1,0,0,
61,-4,0,0,
71,0,1,0,
72,0,1,0,
73,0,0,0,
81,-5,0,0,
91,0,0,0,
100,0,1,0,
101,-1,0,0,
124,-1,0,0,
131,0,0,0,
63,11,1,067ネコ右足.png<color=12>
24
-69,0,0,-3,
-59,0,0,-3,
-51,0,1,0,
-49,-300,0,0,
-34,-300,2,-2,
-26,100,2,2,
-19,0,0,0,
-9,0,0,0,
-7,0,0,0,
1,0,0,0,
7,0,1,0,
8,-200,0,0,
28,-200,2,-2,
41,-200,2,2,
51,0,0,0,
61,-600,0,0,
71,100,0,0,
73,-200,0,0,
81,900,0,0,
91,0,0,0,
100,100,1,0,
101,-200,0,0,
124,-200,0,0,
131,0,0,0,
63,13,1,067ネコ右足.png<color=12>
5
-69,0,1,0,
-49,1,1,0,
-7,0,1,0,
8,1,1,0,
131,0,1,0,
64,12,1,移動足親ダミー<color=7>
1
-69,0,0,0,
73,8,1,073赤玉.png<color=3>
41
-69,1000,0,0,
-60,1300,1,0,
-59,1000,0,0,
-50,1300,1,0,
-49,1000,0,0,
-40,1300,1,0,
-39,1000,0,0,
-30,1300,1,0,
-29,1000,0,0,
-20,1300,1,0,
-19,1000,0,0,
-10,1300,1,0,
-9,1000,0,0,
0,1300,1,0,
1,1000,0,0,
10,1300,1,0,
11,1000,0,0,
20,1300,1,0,
21,1000,0,0,
30,1300,1,0,
31,1000,0,0,
40,1300,1,0,
41,1000,0,0,
50,1300,1,0,
51,1000,0,0,
60,1300,1,0,
61,1000,0,0,
70,1300,1,0,
71,1000,0,0,
80,1300,1,0,
81,1000,0,0,
90,1300,1,0,
91,1000,0,0,
100,1300,1,0,
101,1000,0,0,
110,1300,1,0,
111,1000,0,0,
120,1300,1,0,
121,1000,0,0,
130,1300,1,0,
131,1000,0,0,
73,12,1,073赤玉.png<color=3>
41
-69,1000,0,0,
-60,0,1,0,
-59,1000,0,0,
-50,0,1,0,
-49,1000,0,0,
-40,0,1,0,
-39,1000,0,0,
-30,0,1,0,
-29,1000,0,0,
-20,0,1,0,
-19,1000,0,0,
-10,0,1,0,
-9,1000,0,0,
0,0,1,0,
1,1000,0,0,
10,0,1,0,
11,1000,0,0,
20,0,1,0,
21,1000,0,0,
30,0,1,0,
31,1000,0,0,
40,0,1,0,
41,1000,0,0,
50,0,1,0,
51,1000,0,0,
60,0,1,0,
61,1000,0,0,
70,0,1,0,
71,1000,0,0,
80,0,1,0,
81,1000,0,0,
90,0,1,0,
91,1000,0,0,
100,0,1,0,
101,1000,0,0,
110,0,1,0,
111,1000,0,0,
120,0,1,0,
121,1000,0,0,
130,0,1,0,
131,1000,0,0,
74,8,1,073赤玉.png<color=3>
42
-69,1268,0,0,
-65,1300,1,0,
-64,1000,0,0,
-55,1300,1,0,
-54,1000,0,0,
-45,1300,1,0,
-44,1000,0,0,
-35,1300,1,0,
-34,1000,0,0,
-25,1300,1,0,
-24,1000,0,0,
-15,1300,1,0,
-14,1000,0,0,
-5,1300,1,0,
-4,1000,0,0,
5,1300,1,0,
6,1000,0,0,
15,1300,1,0,
16,1000,0,0,
25,1300,1,0,
26,1000,0,0,
35,1300,1,0,
36,1000,0,0,
45,1300,1,0,
46,1000,0,0,
55,1300,1,0,
56,1000,0,0,
65,1300,1,0,
66,1000,0,0,
75,1300,1,0,
76,1000,0,0,
85,1300,1,0,
86,1000,0,0,
95,1300,1,0,
96,1000,0,0,
105,1300,1,0,
106,1000,0,0,
115,1300,1,0,
116,1000,0,0,
125,1300,1,0,
126,1000,0,0,
131,1166,0,0,
74,12,1,073赤玉.png<color=3>
42
-69,105,0,0,
-65,0,1,0,
-64,1000,0,0,
-55,0,1,0,
-54,1000,0,0,
-45,0,1,0,
-44,1000,0,0,
-35,0,1,0,
-34,1000,0,0,
-25,0,1,0,
-24,1000,0,0,
-15,0,1,0,
-14,1000,0,0,
-5,0,1,0,
-4,1000,0,0,
5,0,1,0,
6,1000,0,0,
15,0,1,0,
16,1000,0,0,
25,0,1,0,
26,1000,0,0,
35,0,1,0,
36,1000,0,0,
45,0,1,0,
46,1000,0,0,
55,0,1,0,
56,1000,0,0,
65,0,1,0,
66,1000,0,0,
75,0,1,0,
76,1000,0,0,
85,0,1,0,
86,1000,0,0,
95,0,1,0,
96,1000,0,0,
105,0,1,0,
106,1000,0,0,
115,0,1,0,
116,1000,0,0,
125,0,1,0,
126,1000,0,0,
131,445,0,0,
75,8,1,073赤玉.png<color=3>
41
-69,1000,0,0,
-60,1300,1,0,
-59,1000,0,0,
-50,1300,1,0,
-49,1000,0,0,
-40,1300,1,0,
-39,1000,0,0,
-30,1300,1,0,
-29,1000,0,0,
-20,1300,1,0,
-19,1000,0,0,
-10,1300,1,0,
-9,1000,0,0,
0,1300,1,0,
1,1000,0,0,
10,1300,1,0,
11,1000,0,0,
20,1300,1,0,
21,1000,0,0,
30,1300,1,0,
31,1000,0,0,
40,1300,1,0,
41,1000,0,0,
50,1300,1,0,
51,1000,0,0,
60,1300,1,0,
61,1000,0,0,
70,1300,1,0,
71,1000,0,0,
80,1300,1,0,
81,1000,0,0,
90,1300,1,0,
91,1000,0,0,
100,1300,1,0,
101,1000,0,0,
110,1300,1,0,
111,1000,0,0,
120,1300,1,0,
121,1000,0,0,
130,1300,1,0,
131,1000,0,0,
75,12,1,073赤玉.png<color=3>
41
-69,1000,0,0,
-60,0,1,0,
-59,1000,0,0,
-50,0,1,0,
-49,1000,0,0,
-40,0,1,0,
-39,1000,0,0,
-30,0,1,0,
-29,1000,0,0,
-20,0,1,0,
-19,1000,0,0,
-10,0,1,0,
-9,1000,0,0,
0,0,1,0,
1,1000,0,0,
10,0,1,0,
11,1000,0,0,
20,0,1,0,
21,1000,0,0,
30,0,1,0,
31,1000,0,0,
40,0,1,0,
41,1000,0,0,
50,0,1,0,
51,1000,0,0,
60,0,1,0,
61,1000,0,0,
70,0,1,0,
71,1000,0,0,
80,0,1,0,
81,1000,0,0,
90,0,1,0,
91,1000,0,0,
100,0,1,0,
101,1000,0,0,
110,0,1,0,
111,1000,0,0,
120,0,1,0,
121,1000,0,0,
130,0,1,0,
131,1000,0,0,
76,2,1,086ブラシ黄.png
41
-69,85,0,0,
-60,88,1,0,
-59,85,0,0,
-50,88,1,0,
-49,85,0,0,
-40,88,1,0,
-39,85,0,0,
-30,88,1,0,
-29,85,0,0,
-20,88,1,0,
-19,85,0,0,
-10,88,1,0,
-9,85,0,0,
0,88,1,0,
1,85,0,0,
10,88,1,0,
11,85,0,0,
20,88,1,0,
21,85,0,0,
30,88,1,0,
31,85,0,0,
40,88,1,0,
41,85,0,0,
50,88,1,0,
51,85,0,0,
60,88,1,0,
61,85,0,0,
70,88,1,0,
71,85,0,0,
80,88,1,0,
81,85,0,0,
90,88,1,0,
91,85,0,0,
100,88,1,0,
101,85,0,0,
110,88,1,0,
111,85,0,0,
120,88,1,0,
121,85,0,0,
130,88,1,0,
131,85,0,0,
78,8,1,073赤玉.png<color=3>
41
-69,1000,0,0,
-60,1300,1,0,
-59,1000,0,0,
-50,1300,1,0,
-49,1000,0,0,
-40,1300,1,0,
-39,1000,0,0,
-30,1300,1,0,
-29,1000,0,0,
-20,1300,1,0,
-19,1000,0,0,
-10,1300,1,0,
-9,1000,0,0,
0,1300,1,0,
1,1000,0,0,
10,1300,1,0,
11,1000,0,0,
20,1300,1,0,
21,1000,0,0,
30,1300,1,0,
31,1000,0,0,
40,1300,1,0,
41,1000,0,0,
50,1300,1,0,
51,1000,0,0,
60,1300,1,0,
61,1000,0,0,
70,1300,1,0,
71,1000,0,0,
80,1300,1,0,
81,1000,0,0,
90,1300,1,0,
91,1000,0,0,
100,1300,1,0,
101,1000,0,0,
110,1300,1,0,
111,1000,0,0,
120,1300,1,0,
121,1000,0,0,
130,1300,1,0,
131,1000,0,0,
78,12,1,073赤玉.png<color=3>
41
-69,1000,0,0,
-60,0,1,0,
-59,1000,0,0,
-50,0,1,0,
-49,1000,0,0,
-40,0,1,0,
-39,1000,0,0,
-30,0,1,0,
-29,1000,0,0,
-20,0,1,0,
-19,1000,0,0,
-10,0,1,0,
-9,1000,0,0,
0,0,1,0,
1,1000,0,0,
10,0,1,0,
11,1000,0,0,
20,0,1,0,
21,1000,0,0,
30,0,1,0,
31,1000,0,0,
40,0,1,0,
41,1000,0,0,
50,0,1,0,
51,1000,0,0,
60,0,1,0,
61,1000,0,0,
70,0,1,0,
71,1000,0,0,
80,0,1,0,
81,1000,0,0,
90,0,1,0,
91,1000,0,0,
100,0,1,0,
101,1000,0,0,
110,0,1,0,
111,1000,0,0,
120,0,1,0,
121,1000,0,0,
130,0,1,0,
131,1000,0,0,
79,8,1,073赤玉.png<color=3>
42
-69,1268,0,0,
-65,1300,1,0,
-64,1000,0,0,
-55,1300,1,0,
-54,1000,0,0,
-45,1300,1,0,
-44,1000,0,0,
-35,1300,1,0,
-34,1000,0,0,
-25,1300,1,0,
-24,1000,0,0,
-15,1300,1,0,
-14,1000,0,0,
-5,1300,1,0,
-4,1000,0,0,
5,1300,1,0,
6,1000,0,0,
15,1300,1,0,
16,1000,0,0,
25,1300,1,0,
26,1000,0,0,
35,1300,1,0,
36,1000,0,0,
45,1300,1,0,
46,1000,0,0,
55,1300,1,0,
56,1000,0,0,
65,1300,1,0,
66,1000,0,0,
75,1300,1,0,
76,1000,0,0,
85,1300,1,0,
86,1000,0,0,
95,1300,1,0,
96,1000,0,0,
105,1300,1,0,
106,1000,0,0,
115,1300,1,0,
116,1000,0,0,
125,1300,1,0,
126,1000,0,0,
131,1166,0,0,
79,12,1,073赤玉.png<color=3>
42
-69,105,0,0,
-65,0,1,0,
-64,1000,0,0,
-55,0,1,0,
-54,1000,0,0,
-45,0,1,0,
-44,1000,0,0,
-35,0,1,0,
-34,1000,0,0,
-25,0,1,0,
-24,1000,0,0,
-15,0,1,0,
-14,1000,0,0,
-5,0,1,0,
-4,1000,0,0,
5,0,1,0,
6,1000,0,0,
15,0,1,0,
16,1000,0,0,
25,0,1,0,
26,1000,0,0,
35,0,1,0,
36,1000,0,0,
45,0,1,0,
46,1000,0,0,
55,0,1,0,
56,1000,0,0,
65,0,1,0,
66,1000,0,0,
75,0,1,0,
76,1000,0,0,
85,0,1,0,
86,1000,0,0,
95,0,1,0,
96,1000,0,0,
105,0,1,0,
106,1000,0,0,
115,0,1,0,
116,1000,0,0,
125,0,1,0,
126,1000,0,0,
131,445,0,0,
80,8,1,073赤玉.png<color=3>
41
-69,1000,0,0,
-60,1300,1,0,
-59,1000,0,0,
-50,1300,1,0,
-49,1000,0,0,
-40,1300,1,0,
-39,1000,0,0,
-30,1300,1,0,
-29,1000,0,0,
-20,1300,1,0,
-19,1000,0,0,
-10,1300,1,0,
-9,1000,0,0,
0,1300,1,0,
1,1000,0,0,
10,1300,1,0,
11,1000,0,0,
20,1300,1,0,
21,1000,0,0,
30,1300,1,0,
31,1000,0,0,
40,1300,1,0,
41,1000,0,0,
50,1300,1,0,
51,1000,0,0,
60,1300,1,0,
61,1000,0,0,
70,1300,1,0,
71,1000,0,0,
80,1300,1,0,
81,1000,0,0,
90,1300,1,0,
91,1000,0,0,
100,1300,1,0,
101,1000,0,0,
110,1300,1,0,
111,1000,0,0,
120,1300,1,0,
121,1000,0,0,
130,1300,1,0,
131,1000,0,0,
80,12,1,073赤玉.png<color=3>
41
-69,1000,0,0,
-60,0,1,0,
-59,1000,0,0,
-50,0,1,0,
-49,1000,0,0,
-40,0,1,0,
-39,1000,0,0,
-30,0,1,0,
-29,1000,0,0,
-20,0,1,0,
-19,1000,0,0,
-10,0,1,0,
-9,1000,0,0,
0,0,1,0,
1,1000,0,0,
10,0,1,0,
11,1000,0,0,
20,0,1,0,
21,1000,0,0,
30,0,1,0,
31,1000,0,0,
40,0,1,0,
41,1000,0,0,
50,0,1,0,
51,1000,0,0,
60,0,1,0,
61,1000,0,0,
70,0,1,0,
71,1000,0,0,
80,0,1,0,
81,1000,0,0,
90,0,1,0,
91,1000,0,0,
100,0,1,0,
101,1000,0,0,
110,0,1,0,
111,1000,0,0,
120,0,1,0,
121,1000,0,0,
130,0,1,0,
131,1000,0,0,
81,2,1,086ブラシ黄.png
41
-69,85,0,0,
-60,88,1,0,
-59,85,0,0,
-50,88,1,0,
-49,85,0,0,
-40,88,1,0,
-39,85,0,0,
-30,88,1,0,
-29,85,0,0,
-20,88,1,0,
-19,85,0,0,
-10,88,1,0,
-9,85,0,0,
0,88,1,0,
1,85,0,0,
10,88,1,0,
11,85,0,0,
20,88,1,0,
21,85,0,0,
30,88,1,0,
31,85,0,0,
40,88,1,0,
41,85,0,0,
50,88,1,0,
51,85,0,0,
60,88,1,0,
61,85,0,0,
70,88,1,0,
71,85,0,0,
80,88,1,0,
81,85,0,0,
90,88,1,0,
91,85,0,0,
100,88,1,0,
101,85,0,0,
110,88,1,0,
111,85,0,0,
120,88,1,0,
121,85,0,0,
130,88,1,0,
131,85,0,0,
83,8,1,029ef_虹フラッシュ胸.png<color=0>
8
-69,713,0,0,
-40,1000,1,0,
-39,0,0,0,
20,1000,1,0,
21,0,0,0,
80,1000,1,0,
81,0,0,0,
131,847,0,0,
83,12,1,
12
-69,1000,0,0,
-63,1000,0,0,
-39,0,0,0,
-9,1000,0,0,
-3,1000,0,0,
21,0,0,0,
51,1000,0,0,
57,1000,0,0,
81,0,0,0,
111,1000,0,0,
117,1000,0,0,
131,417,0,0,
84,12,1,030ef_虹フラッシュ通常胸.png<color=3>
12
-69,1000,0,0,
-63,1000,0,0,
-39,500,0,0,
-9,1000,0,0,
-3,1000,0,0,
21,500,0,0,
51,1000,0,0,
57,1000,0,0,
81,500,0,0,
111,1000,0,0,
117,1000,0,0,
131,709,0,0,
85,8,1,028ef_粒子加算胸.png<color=0>
28
-69,1466,0,0,
-66,1600,1,0,
-65,500,0,0,
-51,1200,0,0,
-42,1600,1,0,
-41,500,0,0,
-27,1200,0,0,
-18,1600,1,0,
-17,500,0,0,
-3,1200,0,0,
6,1600,1,0,
7,500,0,0,
21,1200,0,0,
30,1600,1,0,
31,500,0,0,
45,1200,0,0,
54,1600,1,0,
55,500,0,0,
69,1200,0,0,
78,1600,1,0,
79,500,0,0,
93,1200,0,0,
102,1600,1,0,
103,500,0,0,
117,1200,0,0,
126,1600,1,0,
127,500,0,0,
131,700,0,0,
85,11,1,	ループ不要
2
-69,300,0,0,
131,2306,0,0,
85,12,1,
27
-69,200,0,0,
-65,0,0,0,
-57,1000,0,0,
-51,500,0,0,
-41,0,0,0,
-33,1000,0,0,
-27,500,0,0,
-17,0,0,0,
-9,1000,0,0,
-3,500,0,0,
7,0,0,0,
15,1000,0,0,
21,500,0,0,
31,0,0,0,
39,1000,0,0,
45,500,0,0,
55,0,0,0,
63,1000,0,0,
69,500,0,0,
79,0,0,0,
87,1000,0,0,
93,500,0,0,
103,0,0,0,
111,1000,0,0,
117,500,0,0,
127,0,0,0,
131,500,0,0,
86,8,1,028ef_粒子加算胸.png<color=3>
35
-69,971,1,0,
-68,1000,0,0,
-56,1500,1,0,
-55,800,0,0,
-51,800,0,0,
-44,1000,0,0,
-32,1500,1,0,
-31,800,0,0,
-27,800,0,0,
-20,1000,0,0,
-8,1500,1,0,
-7,800,0,0,
-3,800,0,0,
4,1000,0,0,
16,1500,1,0,
17,800,0,0,
21,800,0,0,
28,1000,0,0,
40,1500,1,0,
41,800,0,0,
45,800,0,0,
52,1000,0,0,
64,1500,1,0,
65,800,0,0,
69,800,0,0,
76,1000,0,0,
88,1500,1,0,
89,800,0,0,
93,800,0,0,
100,1000,0,0,
112,1500,1,0,
113,800,0,0,
117,800,0,0,
124,1000,0,0,
131,1291,0,0,
86,11,1,	ループ不要
2
-69,257,0,0,
131,1975,0,0,
86,12,1,
27
-69,857,1,0,
-68,1000,0,0,
-56,0,0,0,
-51,0,0,0,
-44,1000,0,0,
-32,0,0,0,
-27,0,0,0,
-20,1000,0,0,
-8,0,0,0,
-3,0,0,0,
4,1000,0,0,
16,0,0,0,
21,0,0,0,
28,1000,0,0,
40,0,0,0,
45,0,0,0,
52,1000,0,0,
64,0,0,0,
69,0,0,0,
76,1000,0,0,
88,0,0,0,
93,0,0,0,
100,1000,0,0,
112,0,0,0,
117,0,0,0,
124,1000,0,0,
131,417,0,0,
88,3,1,094ef_虹フラッシュ.png<color=0>
14
-69,401,0,0,
-33,80,1,0,
-20,401,1,0,
-5,80,1,0,
6,401,1,0,
42,80,1,0,
55,401,1,0,
70,80,1,0,
81,401,1,0,
117,80,1,0,
126,401,1,0,
127,80,1,0,
130,401,1,0,
131,401,0,0,
88,8,1,029ef_虹フラッシュ胸.png<color=0>
8
-69,713,0,0,
-40,1000,1,0,
-39,0,0,0,
20,1000,1,0,
21,0,0,0,
80,1000,1,0,
81,0,0,0,
131,847,0,0,
88,12,1,
12
-69,1000,0,0,
-63,1000,0,0,
-39,0,0,0,
-9,1000,0,0,
-3,1000,0,0,
21,0,0,0,
51,1000,0,0,
57,1000,0,0,
81,0,0,0,
111,1000,0,0,
117,1000,0,0,
131,417,0,0,
89,3,1,094ef_虹フラッシュ.png<color=0>
15
-69,400,0,0,
-33,80,1,0,
-20,400,1,0,
-5,80,1,0,
6,400,1,0,
42,80,1,0,
55,400,1,0,
70,80,1,0,
81,400,1,0,
117,80,1,0,
125,80,1,0,
126,400,1,0,
127,80,1,0,
130,400,1,0,
131,400,0,0,
89,12,1,030ef_虹フラッシュ通常胸.png<color=3>
12
-69,1000,0,0,
-63,1000,0,0,
-39,500,0,0,
-9,1000,0,0,
-3,1000,0,0,
21,500,0,0,
51,1000,0,0,
57,1000,0,0,
81,500,0,0,
111,1000,0,0,
117,1000,0,0,
131,709,0,0,
90,3,1,094ef_虹フラッシュ.png<color=0>
12
-69,402,0,0,
-33,82,1,0,
-20,402,1,0,
-5,82,1,0,
6,402,1,0,
42,82,1,0,
55,402,1,0,
70,82,1,0,
81,402,1,0,
117,82,1,0,
130,402,1,0,
131,402,0,0,
90,8,1,028ef_粒子加算胸.png<color=0>
28
-69,1466,0,0,
-66,1600,1,0,
-65,500,0,0,
-51,1200,0,0,
-42,1600,1,0,
-41,500,0,0,
-27,1200,0,0,
-18,1600,1,0,
-17,500,0,0,
-3,1200,0,0,
6,1600,1,0,
7,500,0,0,
21,1200,0,0,
30,1600,1,0,
31,500,0,0,
45,1200,0,0,
54,1600,1,0,
55,500,0,0,
69,1200,0,0,
78,1600,1,0,
79,500,0,0,
93,1200,0,0,
102,1600,1,0,
103,500,0,0,
117,1200,0,0,
126,1600,1,0,
127,500,0,0,
131,700,0,0,
90,11,1,	ループ不要
2
-69,300,0,0,
131,2306,0,0,
90,12,1,
27
-69,200,0,0,
-65,0,0,0,
-57,1000,0,0,
-51,500,0,0,
-41,0,0,0,
-33,1000,0,0,
-27,500,0,0,
-17,0,0,0,
-9,1000,0,0,
-3,500,0,0,
7,0,0,0,
15,1000,0,0,
21,500,0,0,
31,0,0,0,
39,1000,0,0,
45,500,0,0,
55,0,0,0,
63,1000,0,0,
69,500,0,0,
79,0,0,0,
87,1000,0,0,
93,500,0,0,
103,0,0,0,
111,1000,0,0,
117,500,0,0,
127,0,0,0,
131,500,0,0,
91,3,1,094ef_虹フラッシュ.png<color=0>
12
-69,402,0,0,
-33,82,1,0,
-20,402,1,0,
-5,82,1,0,
6,402,1,0,
42,82,1,0,
55,402,1,0,
70,82,1,0,
81,402,1,0,
117,82,1,0,
130,402,1,0,
131,402,0,0,
91,8,1,028ef_粒子加算胸.png<color=3>
35
-69,971,1,0,
-68,1000,0,0,
-56,1500,1,0,
-55,800,0,0,
-51,800,0,0,
-44,1000,0,0,
-32,1500,1,0,
-31,800,0,0,
-27,800,0,0,
-20,1000,0,0,
-8,1500,1,0,
-7,800,0,0,
-3,800,0,0,
4,1000,0,0,
16,1500,1,0,
17,800,0,0,
21,800,0,0,
28,1000,0,0,
40,1500,1,0,
41,800,0,0,
45,800,0,0,
52,1000,0,0,
64,1500,1,0,
65,800,0,0,
69,800,0,0,
76,1000,0,0,
88,1500,1,0,
89,800,0,0,
93,800,0,0,
100,1000,0,0,
112,1500,1,0,
113,800,0,0,
117,800,0,0,
124,1000,0,0,
131,1291,0,0,
91,11,1,	ループ不要
2
-69,257,0,0,
131,1975,0,0,
91,12,1,
27
-69,857,1,0,
-68,1000,0,0,
-56,0,0,0,
-51,0,0,0,
-44,1000,0,0,
-32,0,0,0,
-27,0,0,0,
-20,1000,0,0,
-8,0,0,0,
-3,0,0,0,
4,1000,0,0,
16,0,0,0,
21,0,0,0,
28,1000,0,0,
40,0,0,0,
45,0,0,0,
52,1000,0,0,
64,0,0,0,
69,0,0,0,
76,1000,0,0,
88,0,0,0,
93,0,0,0,
100,1000,0,0,
112,0,0,0,
117,0,0,0,
124,1000,0,0,
131,417,0,0,
93,8,1,076銃撃サークルUFO.png<color=1>
3
-69,0,1,0,
-49,0,2,-4,
-29,1500,1,0,
93,12,1,076銃撃サークルUFO.png<color=1>
4
-69,0,1,0,
-49,1000,0,0,
-42,862,0,0,
-29,0,1,0,
94,8,1,073赤玉.png<color=4>
3
-69,0,1,0,
-49,0,2,-2,
-29,1200,1,0,
94,11,1,073赤玉.png<color=4>
3
-69,0,1,0,
-49,0,2,-3,
-29,-1500,1,0,
94,12,1,073赤玉.png<color=4>
4
-69,0,1,0,
-49,1000,0,0,
-42,862,0,0,
-29,0,1,0,
96,6,1,073赤玉.png<color=2>
3
-69,0,0,0,
-48,0,0,0,
-45,33,0,0,
96,12,1,073赤玉.png<color=2>
4
-69,0,1,0,
-48,1000,0,0,
-45,1000,1,0,
-44,0,0,0,
97,12,1,073赤玉.png<color=1>
4
-69,0,1,0,
-48,1000,1,0,
-34,1000,0,0,
-29,0,1,0,
98,8,1,076銃撃サークルUFO.png<color=1>
3
-69,0,1,0,
-49,0,2,-4,
-29,1500,1,0,
98,12,1,076銃撃サークルUFO.png<color=1>
4
-69,0,1,0,
-49,1000,0,0,
-42,862,0,0,
-29,0,1,0,
99,8,1,073赤玉.png<color=4>
3
-69,0,1,0,
-49,0,2,-2,
-29,1200,1,0,
99,11,1,073赤玉.png<color=4>
3
-69,0,1,0,
-49,0,2,-3,
-29,-1500,1,0,
99,12,1,073赤玉.png<color=4>
4
-69,0,1,0,
-49,1000,0,0,
-42,862,0,0,
-29,0,1,0,
101,6,1,073赤玉.png<color=2>
3
-69,0,0,0,
-48,0,0,0,
-45,83,0,0,
101,12,1,073赤玉.png<color=2>
4
-69,0,1,0,
-48,1000,0,0,
-45,1000,1,0,
-44,0,0,0,
102,12,1,073赤玉.png<color=1>
4
-69,0,1,0,
-48,1000,1,0,
-34,1000,0,0,
-29,0,1,0,
103,8,1,070レイヤー 2.png
3
-69,0,1,0,
31,1000,2,-2,
51,2000,0,0,
103,12,1,070レイヤー 2.png
1
0,0,1,0,
107,2,1,104爆発コア青.png<color=0>
8
-69,92,1,0,
-45,104,1,0,
-38,92,1,0,
-18,104,0,0,
-10,104,1,0,
31,104,1,0,
32,104,0,0,
39,104,1,0,
107,4,1,104爆発コア青.png<color=0>
3
-69,0,1,0,
-45,50,1,0,
-19,0,1,0,
107,12,1,104爆発コア青.png<color=0>
1
0,0,1,0,
108,2,1,104爆発コア青.png<color=0>
8
-69,92,1,0,
-45,104,1,0,
-38,92,1,0,
-18,104,0,0,
-10,104,1,0,
31,92,1,0,
32,92,0,0,
39,92,1,0,
109,2,1,104爆発コア青.png<color=0>
7
-69,90,1,0,
-44,103,1,0,
-43,103,1,0,
-17,103,1,0,
-16,103,1,0,
32,103,1,0,
33,103,1,0,
109,4,1,103着弾1.png<color=3>
3
-69,0,1,0,
-45,50,1,0,
-19,0,1,0,
109,12,1,104爆発コア青.png<color=0>
1
0,0,1,0,
110,2,1,104爆発コア青.png<color=0>
7
-69,90,1,0,
-44,103,1,0,
-43,103,1,0,
-17,103,1,0,
-16,103,1,0,
32,103,1,0,
33,103,1,0,
111,2,1,104爆発コア青.png<color=0>
6
-69,89,1,0,
-43,102,1,0,
-16,102,1,0,
-14,102,1,0,
33,102,1,0,
35,102,1,0,
111,4,1,102着弾2.png<color=0>
3
-69,0,1,0,
-45,50,1,0,
-19,0,1,0,
111,8,1,104爆発コア青.png<color=0>
8
-69,0,1,0,
-43,1378,2,-4,
-40,1500,1,0,
-16,1200,2,-4,
-14,1500,1,0,
33,1200,2,-4,
37,1500,2,-4,
51,1500,1,0,
111,12,1,104爆発コア青.png<color=0>
1
0,0,1,0,
112,2,1,104爆発コア青.png<color=0>
6
-69,89,1,0,
-43,102,1,0,
-16,102,1,0,
-14,102,1,0,
33,102,1,0,
35,102,1,0,
113,2,1,087ブラシ赤.png<color=3>
2
-69,87,1,0,
-19,87,1,0,
114,12,1,UFOスポット親ダミー<color=7>
177
-69,0,1,0,
-48,800,1,0,
-47,700,1,0,
-46,800,1,0,
-45,700,1,0,
-44,800,1,0,
-43,700,1,0,
-42,800,1,0,
-41,700,1,0,
-40,800,1,0,
-39,700,1,0,
-38,800,1,0,
-37,700,1,0,
-36,800,1,0,
-35,700,1,0,
-34,800,1,0,
-33,700,1,0,
-32,800,1,0,
-31,700,1,0,
-30,800,1,0,
-29,700,1,0,
-28,800,1,0,
-27,700,1,0,
-26,800,1,0,
-25,700,1,0,
-24,800,1,0,
-23,700,1,0,
-22,800,1,0,
-21,700,1,0,
-20,800,1,0,
-19,700,1,0,
-18,800,1,0,
-17,700,1,0,
-16,800,1,0,
-15,700,1,0,
-14,800,1,0,
-13,700,1,0,
-12,800,1,0,
-11,700,1,0,
-10,800,1,0,
-9,700,1,0,
-8,800,1,0,
-7,700,1,0,
-6,800,1,0,
-5,700,1,0,
-4,800,1,0,
-3,700,1,0,
-2,800,1,0,
-1,700,1,0,
0,800,1,0,
1,700,1,0,
2,800,1,0,
3,700,1,0,
4,800,1,0,
5,700,1,0,
6,800,1,0,
7,700,1,0,
8,800,1,0,
9,700,1,0,
10,800,1,0,
11,700,1,0,
12,800,1,0,
13,700,1,0,
14,800,1,0,
15,700,1,0,
16,800,1,0,
17,700,1,0,
18,800,1,0,
19,700,1,0,
20,800,1,0,
21,700,1,0,
22,800,1,0,
23,700,1,0,
24,800,1,0,
25,700,1,0,
26,800,1,0,
27,700,1,0,
28,800,1,0,
29,700,1,0,
30,800,1,0,
31,700,1,0,
32,800,1,0,
33,700,1,0,
34,800,1,0,
35,700,1,0,
36,800,1,0,
37,700,1,0,
38,800,1,0,
39,700,1,0,
40,800,1,0,
41,700,1,0,
42,800,1,0,
43,700,1,0,
44,800,1,0,
45,700,1,0,
46,800,1,0,
47,700,1,0,
48,800,1,0,
49,700,1,0,
50,800,1,0,
51,700,1,0,
52,800,1,0,
53,700,1,0,
54,800,1,0,
55,700,1,0,
56,800,1,0,
57,700,1,0,
58,800,1,0,
59,700,1,0,
60,800,1,0,
61,700,1,0,
62,800,1,0,
63,700,1,0,
64,800,1,0,
65,700,1,0,
66,800,1,0,
67,700,1,0,
68,800,1,0,
69,700,1,0,
70,800,1,0,
71,700,1,0,
72,800,1,0,
73,700,1,0,
74,800,1,0,
75,700,1,0,
76,800,1,0,
77,700,1,0,
78,800,1,0,
79,700,1,0,
80,800,1,0,
81,700,1,0,
82,800,1,0,
83,700,1,0,
84,800,1,0,
85,700,1,0,
86,800,1,0,
87,700,1,0,
88,800,1,0,
89,700,1,0,
90,800,1,0,
91,700,1,0,
92,800,1,0,
93,700,1,0,
94,800,1,0,
95,700,1,0,
96,800,1,0,
97,700,1,0,
98,800,1,0,
99,700,1,0,
100,800,1,0,
101,700,1,0,
102,800,1,0,
103,700,1,0,
104,800,1,0,
105,700,1,0,
106,800,1,0,
107,700,1,0,
108,800,1,0,
109,700,1,0,
110,800,1,0,
111,700,1,0,
112,800,1,0,
113,700,1,0,
114,800,1,0,
115,700,1,0,
116,800,1,0,
117,700,1,0,
118,800,1,0,
119,700,1,0,
120,800,1,0,
121,700,1,0,
122,800,1,0,
123,700,1,0,
124,800,1,0,
125,700,1,0,
126,800,0,0,
131,0,1,0,
115,11,1,084スポット黄.png<color=11>
28
-69,0,0,0,
-48,-100,0,0,
-34,-150,0,0,
-17,370,0,0,
-14,400,0,0,
-11,370,0,0,
8,-374,0,0,
11,-400,0,0,
14,-374,0,0,
21,0,0,0,
28,370,0,0,
31,400,0,0,
34,370,0,0,
53,-374,0,0,
56,-400,0,0,
59,-374,0,0,
66,0,0,0,
73,370,0,0,
76,400,0,0,
79,370,0,0,
98,-374,0,0,
101,-400,0,0,
104,-374,0,0,
111,0,0,0,
118,370,0,0,
121,400,0,0,
124,370,0,0,
131,96,0,0,
115,12,1,084スポット黄.png<color=11>
201
-69,1000,1,0,
-68,600,1,0,
-67,1000,1,0,
-66,600,1,0,
-65,1000,1,0,
-64,600,1,0,
-63,1000,1,0,
-62,600,1,0,
-61,1000,1,0,
-60,600,1,0,
-59,1000,1,0,
-58,600,1,0,
-57,1000,1,0,
-56,600,1,0,
-55,1000,1,0,
-54,600,1,0,
-53,1000,1,0,
-52,600,1,0,
-51,1000,1,0,
-50,600,1,0,
-49,1000,1,0,
-48,600,1,0,
-47,1000,1,0,
-46,600,1,0,
-45,1000,1,0,
-44,600,1,0,
-43,1000,1,0,
-42,600,1,0,
-41,1000,1,0,
-40,600,1,0,
-39,1000,1,0,
-38,600,1,0,
-37,1000,1,0,
-36,600,1,0,
-35,1000,1,0,
-34,600,1,0,
-33,1000,1,0,
-32,600,1,0,
-31,1000,1,0,
-30,600,1,0,
-29,1000,1,0,
-28,600,1,0,
-27,1000,1,0,
-26,600,1,0,
-25,1000,1,0,
-24,600,1,0,
-23,1000,1,0,
-22,600,1,0,
-21,1000,1,0,
-20,600,1,0,
-19,1000,1,0,
-18,600,1,0,
-17,1000,1,0,
-16,600,1,0,
-15,1000,1,0,
-14,600,1,0,
-13,1000,1,0,
-12,600,1,0,
-11,1000,1,0,
-10,600,1,0,
-9,1000,1,0,
-8,600,1,0,
-7,1000,1,0,
-6,600,1,0,
-5,1000,1,0,
-4,600,1,0,
-3,1000,1,0,
-2,600,1,0,
-1,1000,1,0,
0,600,1,0,
1,1000,1,0,
2,600,1,0,
3,1000,1,0,
4,600,1,0,
5,1000,1,0,
6,600,1,0,
7,1000,1,0,
8,600,1,0,
9,1000,1,0,
10,600,1,0,
11,1000,1,0,
12,600,1,0,
13,1000,1,0,
14,600,1,0,
15,1000,1,0,
16,600,1,0,
17,1000,1,0,
18,600,1,0,
19,1000,1,0,
20,600,1,0,
21,1000,1,0,
22,600,1,0,
23,1000,1,0,
24,600,1,0,
25,1000,1,0,
26,600,1,0,
27,1000,1,0,
28,600,1,0,
29,1000,1,0,
30,600,1,0,
31,1000,1,0,
32,600,1,0,
33,1000,1,0,
34,600,1,0,
35,1000,1,0,
36,600,1,0,
37,1000,1,0,
38,600,1,0,
39,1000,1,0,
40,600,1,0,
41,1000,1,0,
42,600,1,0,
43,1000,1,0,
44,600,1,0,
45,1000,1,0,
46,600,1,0,
47,1000,1,0,
48,600,1,0,
49,1000,1,0,
50,600,1,0,
51,1000,1,0,
52,600,1,0,
53,1000,1,0,
54,600,1,0,
55,1000,1,0,
56,600,1,0,
57,1000,1,0,
58,600,1,0,
59,1000,1,0,
60,600,1,0,
61,1000,1,0,
62,600,1,0,
63,1000,1,0,
64,600,1,0,
65,1000,1,0,
66,600,1,0,
67,1000,1,0,
68,600,1,0,
69,1000,1,0,
70,600,1,0,
71,1000,1,0,
72,600,1,0,
73,1000,1,0,
74,600,1,0,
75,1000,1,0,
76,600,1,0,
77,1000,1,0,
78,600,1,0,
79,1000,1,0,
80,600,1,0,
81,1000,1,0,
82,600,1,0,
83,1000,1,0,
84,600,1,0,
85,1000,1,0,
86,600,1,0,
87,1000,1,0,
88,600,1,0,
89,1000,1,0,
90,600,1,0,
91,1000,1,0,
92,600,1,0,
93,1000,1,0,
94,600,1,0,
95,1000,1,0,
96,600,1,0,
97,1000,1,0,
98,600,1,0,
99,1000,1,0,
100,600,1,0,
101,1000,1,0,
102,600,1,0,
103,1000,1,0,
104,600,1,0,
105,1000,1,0,
106,600,1,0,
107,1000,1,0,
108,600,1,0,
109,1000,1,0,
110,600,1,0,
111,1000,1,0,
112,600,1,0,
113,1000,1,0,
114,600,1,0,
115,1000,1,0,
116,600,1,0,
117,1000,1,0,
118,600,1,0,
119,1000,1,0,
120,600,1,0,
121,1000,1,0,
122,600,1,0,
123,1000,1,0,
124,600,1,0,
125,1000,1,0,
126,600,1,0,
127,1000,1,0,
128,600,1,0,
129,1000,1,0,
130,600,1,0,
131,1000,0,0,
116,11,1,084スポット黄.png<color=11>
28
-69,0,0,0,
-48,100,0,0,
-34,150,0,0,
-17,-370,0,0,
-14,-400,0,0,
-11,-370,0,0,
8,374,0,0,
11,400,0,0,
14,374,0,0,
21,0,0,0,
28,-370,0,0,
31,-400,0,0,
34,-370,0,0,
53,374,0,0,
56,400,0,0,
59,374,0,0,
66,0,0,0,
73,-370,0,0,
76,-400,0,0,
79,-370,0,0,
98,374,0,0,
101,400,0,0,
104,374,0,0,
111,0,0,0,
118,-370,0,0,
121,-400,0,0,
124,-370,0,0,
131,-96,0,0,
116,12,1,084スポット黄.png<color=11>
201
-69,1000,1,0,
-68,600,1,0,
-67,1000,1,0,
-66,600,1,0,
-65,1000,1,0,
-64,600,1,0,
-63,1000,1,0,
-62,600,1,0,
-61,1000,1,0,
-60,600,1,0,
-59,1000,1,0,
-58,600,1,0,
-57,1000,1,0,
-56,600,1,0,
-55,1000,1,0,
-54,600,1,0,
-53,1000,1,0,
-52,600,1,0,
-51,1000,1,0,
-50,600,1,0,
-49,1000,1,0,
-48,600,1,0,
-47,1000,1,0,
-46,600,1,0,
-45,1000,1,0,
-44,600,1,0,
-43,1000,1,0,
-42,600,1,0,
-41,1000,1,0,
-40,600,1,0,
-39,1000,1,0,
-38,600,1,0,
-37,1000,1,0,
-36,600,1,0,
-35,1000,1,0,
-34,600,1,0,
-33,1000,1,0,
-32,600,1,0,
-31,1000,1,0,
-30,600,1,0,
-29,1000,1,0,
-28,600,1,0,
-27,1000,1,0,
-26,600,1,0,
-25,1000,1,0,
-24,600,1,0,
-23,1000,1,0,
-22,600,1,0,
-21,1000,1,0,
-20,600,1,0,
-19,1000,1,0,
-18,600,1,0,
-17,1000,1,0,
-16,600,1,0,
-15,1000,1,0,
-14,600,1,0,
-13,1000,1,0,
-12,600,1,0,
-11,1000,1,0,
-10,600,1,0,
-9,1000,1,0,
-8,600,1,0,
-7,1000,1,0,
-6,600,1,0,
-5,1000,1,0,
-4,600,1,0,
-3,1000,1,0,
-2,600,1,0,
-1,1000,1,0,
0,600,1,0,
1,1000,1,0,
2,600,1,0,
3,1000,1,0,
4,600,1,0,
5,1000,1,0,
6,600,1,0,
7,1000,1,0,
8,600,1,0,
9,1000,1,0,
10,600,1,0,
11,1000,1,0,
12,600,1,0,
13,1000,1,0,
14,600,1,0,
15,1000,1,0,
16,600,1,0,
17,1000,1,0,
18,600,1,0,
19,1000,1,0,
20,600,1,0,
21,1000,1,0,
22,600,1,0,
23,1000,1,0,
24,600,1,0,
25,1000,1,0,
26,600,1,0,
27,1000,1,0,
28,600,1,0,
29,1000,1,0,
30,600,1,0,
31,1000,1,0,
32,600,1,0,
33,1000,1,0,
34,600,1,0,
35,1000,1,0,
36,600,1,0,
37,1000,1,0,
38,600,1,0,
39,1000,1,0,
40,600,1,0,
41,1000,1,0,
42,600,1,0,
43,1000,1,0,
44,600,1,0,
45,1000,1,0,
46,600,1,0,
47,1000,1,0,
48,600,1,0,
49,1000,1,0,
50,600,1,0,
51,1000,1,0,
52,600,1,0,
53,1000,1,0,
54,600,1,0,
55,1000,1,0,
56,600,1,0,
57,1000,1,0,
58,600,1,0,
59,1000,1,0,
60,600,1,0,
61,1000,1,0,
62,600,1,0,
63,1000,1,0,
64,600,1,0,
65,1000,1,0,
66,600,1,0,
67,1000,1,0,
68,600,1,0,
69,1000,1,0,
70,600,1,0,
71,1000,1,0,
72,600,1,0,
73,1000,1,0,
74,600,1,0,
75,1000,1,0,
76,600,1,0,
77,1000,1,0,
78,600,1,0,
79,1000,1,0,
80,600,1,0,
81,1000,1,0,
82,600,1,0,
83,1000,1,0,
84,600,1,0,
85,1000,1,0,
86,600,1,0,
87,1000,1,0,
88,600,1,0,
89,1000,1,0,
90,600,1,0,
91,1000,1,0,
92,600,1,0,
93,1000,1,0,
94,600,1,0,
95,1000,1,0,
96,600,1,0,
97,1000,1,0,
98,600,1,0,
99,1000,1,0,
100,600,1,0,
101,1000,1,0,
102,600,1,0,
103,1000,1,0,
104,600,1,0,
105,1000,1,0,
106,600,1,0,
107,1000,1,0,
108,600,1,0,
109,1000,1,0,
110,600,1,0,
111,1000,1,0,
112,600,1,0,
113,1000,1,0,
114,600,1,0,
115,1000,1,0,
116,600,1,0,
117,1000,1,0,
118,600,1,0,
119,1000,1,0,
120,600,1,0,
121,1000,1,0,
122,600,1,0,
123,1000,1,0,
124,600,1,0,
125,1000,1,0,
126,600,1,0,
127,1000,1,0,
128,600,1,0,
129,1000,1,0,
130,600,1,0,
131,1000,0,0,
119,12,1,UFOスポット親ダミー<color=7>
177
-69,0,1,0,
-48,800,1,0,
-47,700,1,0,
-46,800,1,0,
-45,700,1,0,
-44,800,1,0,
-43,700,1,0,
-42,800,1,0,
-41,700,1,0,
-40,800,1,0,
-39,700,1,0,
-38,800,1,0,
-37,700,1,0,
-36,800,1,0,
-35,700,1,0,
-34,800,1,0,
-33,700,1,0,
-32,800,1,0,
-31,700,1,0,
-30,800,1,0,
-29,700,1,0,
-28,800,1,0,
-27,700,1,0,
-26,800,1,0,
-25,700,1,0,
-24,800,1,0,
-23,700,1,0,
-22,800,1,0,
-21,700,1,0,
-20,800,1,0,
-19,700,1,0,
-18,800,1,0,
-17,700,1,0,
-16,800,1,0,
-15,700,1,0,
-14,800,1,0,
-13,700,1,0,
-12,800,1,0,
-11,700,1,0,
-10,800,1,0,
-9,700,1,0,
-8,800,1,0,
-7,700,1,0,
-6,800,1,0,
-5,700,1,0,
-4,800,1,0,
-3,700,1,0,
-2,800,1,0,
-1,700,1,0,
0,800,1,0,
1,700,1,0,
2,800,1,0,
3,700,1,0,
4,800,1,0,
5,700,1,0,
6,800,1,0,
7,700,1,0,
8,800,1,0,
9,700,1,0,
10,800,1,0,
11,700,1,0,
12,800,1,0,
13,700,1,0,
14,800,1,0,
15,700,1,0,
16,800,1,0,
17,700,1,0,
18,800,1,0,
19,700,1,0,
20,800,1,0,
21,700,1,0,
22,800,1,0,
23,700,1,0,
24,800,1,0,
25,700,1,0,
26,800,1,0,
27,700,1,0,
28,800,1,0,
29,700,1,0,
30,800,1,0,
31,700,1,0,
32,800,1,0,
33,700,1,0,
34,800,1,0,
35,700,1,0,
36,800,1,0,
37,700,1,0,
38,800,1,0,
39,700,1,0,
40,800,1,0,
41,700,1,0,
42,800,1,0,
43,700,1,0,
44,800,1,0,
45,700,1,0,
46,800,1,0,
47,700,1,0,
48,800,1,0,
49,700,1,0,
50,800,1,0,
51,700,1,0,
52,800,1,0,
53,700,1,0,
54,800,1,0,
55,700,1,0,
56,800,1,0,
57,700,1,0,
58,800,1,0,
59,700,1,0,
60,800,1,0,
61,700,1,0,
62,800,1,0,
63,700,1,0,
64,800,1,0,
65,700,1,0,
66,800,1,0,
67,700,1,0,
68,800,1,0,
69,700,1,0,
70,800,1,0,
71,700,1,0,
72,800,1,0,
73,700,1,0,
74,800,1,0,
75,700,1,0,
76,800,1,0,
77,700,1,0,
78,800,1,0,
79,700,1,0,
80,800,1,0,
81,700,1,0,
82,800,1,0,
83,700,1,0,
84,800,1,0,
85,700,1,0,
86,800,1,0,
87,700,1,0,
88,800,1,0,
89,700,1,0,
90,800,1,0,
91,700,1,0,
92,800,1,0,
93,700,1,0,
94,800,1,0,
95,700,1,0,
96,800,1,0,
97,700,1,0,
98,800,1,0,
99,700,1,0,
100,800,1,0,
101,700,1,0,
102,800,1,0,
103,700,1,0,
104,800,1,0,
105,700,1,0,
106,800,1,0,
107,700,1,0,
108,800,1,0,
109,700,1,0,
110,800,1,0,
111,700,1,0,
112,800,1,0,
113,700,1,0,
114,800,1,0,
115,700,1,0,
116,800,1,0,
117,700,1,0,
118,800,1,0,
119,700,1,0,
120,800,1,0,
121,700,1,0,
122,800,1,0,
123,700,1,0,
124,800,1,0,
125,700,1,0,
126,800,0,0,
131,0,1,0,
120,11,1,084スポット黄.png<color=11>
28
-69,0,0,0,
-48,-100,0,0,
-34,-150,0,0,
-17,370,0,0,
-14,400,0,0,
-11,370,0,0,
8,-374,0,0,
11,-400,0,0,
14,-374,0,0,
21,0,0,0,
28,370,0,0,
31,400,0,0,
34,370,0,0,
53,-374,0,0,
56,-400,0,0,
59,-374,0,0,
66,0,0,0,
73,370,0,0,
76,400,0,0,
79,370,0,0,
98,-374,0,0,
101,-400,0,0,
104,-374,0,0,
111,0,0,0,
118,370,0,0,
121,400,0,0,
124,370,0,0,
131,96,0,0,
120,12,1,084スポット黄.png<color=11>
201
-69,1000,1,0,
-68,600,1,0,
-67,1000,1,0,
-66,600,1,0,
-65,1000,1,0,
-64,600,1,0,
-63,1000,1,0,
-62,600,1,0,
-61,1000,1,0,
-60,600,1,0,
-59,1000,1,0,
-58,600,1,0,
-57,1000,1,0,
-56,600,1,0,
-55,1000,1,0,
-54,600,1,0,
-53,1000,1,0,
-52,600,1,0,
-51,1000,1,0,
-50,600,1,0,
-49,1000,1,0,
-48,600,1,0,
-47,1000,1,0,
-46,600,1,0,
-45,1000,1,0,
-44,600,1,0,
-43,1000,1,0,
-42,600,1,0,
-41,1000,1,0,
-40,600,1,0,
-39,1000,1,0,
-38,600,1,0,
-37,1000,1,0,
-36,600,1,0,
-35,1000,1,0,
-34,600,1,0,
-33,1000,1,0,
-32,600,1,0,
-31,1000,1,0,
-30,600,1,0,
-29,1000,1,0,
-28,600,1,0,
-27,1000,1,0,
-26,600,1,0,
-25,1000,1,0,
-24,600,1,0,
-23,1000,1,0,
-22,600,1,0,
-21,1000,1,0,
-20,600,1,0,
-19,1000,1,0,
-18,600,1,0,
-17,1000,1,0,
-16,600,1,0,
-15,1000,1,0,
-14,600,1,0,
-13,1000,1,0,
-12,600,1,0,
-11,1000,1,0,
-10,600,1,0,
-9,1000,1,0,
-8,600,1,0,
-7,1000,1,0,
-6,600,1,0,
-5,1000,1,0,
-4,600,1,0,
-3,1000,1,0,
-2,600,1,0,
-1,1000,1,0,
0,600,1,0,
1,1000,1,0,
2,600,1,0,
3,1000,1,0,
4,600,1,0,
5,1000,1,0,
6,600,1,0,
7,1000,1,0,
8,600,1,0,
9,1000,1,0,
10,600,1,0,
11,1000,1,0,
12,600,1,0,
13,1000,1,0,
14,600,1,0,
15,1000,1,0,
16,600,1,0,
17,1000,1,0,
18,600,1,0,
19,1000,1,0,
20,600,1,0,
21,1000,1,0,
22,600,1,0,
23,1000,1,0,
24,600,1,0,
25,1000,1,0,
26,600,1,0,
27,1000,1,0,
28,600,1,0,
29,1000,1,0,
30,600,1,0,
31,1000,1,0,
32,600,1,0,
33,1000,1,0,
34,600,1,0,
35,1000,1,0,
36,600,1,0,
37,1000,1,0,
38,600,1,0,
39,1000,1,0,
40,600,1,0,
41,1000,1,0,
42,600,1,0,
43,1000,1,0,
44,600,1,0,
45,1000,1,0,
46,600,1,0,
47,1000,1,0,
48,600,1,0,
49,1000,1,0,
50,600,1,0,
51,1000,1,0,
52,600,1,0,
53,1000,1,0,
54,600,1,0,
55,1000,1,0,
56,600,1,0,
57,1000,1,0,
58,600,1,0,
59,1000,1,0,
60,600,1,0,
61,1000,1,0,
62,600,1,0,
63,1000,1,0,
64,600,1,0,
65,1000,1,0,
66,600,1,0,
67,1000,1,0,
68,600,1,0,
69,1000,1,0,
70,600,1,0,
71,1000,1,0,
72,600,1,0,
73,1000,1,0,
74,600,1,0,
75,1000,1,0,
76,600,1,0,
77,1000,1,0,
78,600,1,0,
79,1000,1,0,
80,600,1,0,
81,1000,1,0,
82,600,1,0,
83,1000,1,0,
84,600,1,0,
85,1000,1,0,
86,600,1,0,
87,1000,1,0,
88,600,1,0,
89,1000,1,0,
90,600,1,0,
91,1000,1,0,
92,600,1,0,
93,1000,1,0,
94,600,1,0,
95,1000,1,0,
96,600,1,0,
97,1000,1,0,
98,600,1,0,
99,1000,1,0,
100,600,1,0,
101,1000,1,0,
102,600,1,0,
103,1000,1,0,
104,600,1,0,
105,1000,1,0,
106,600,1,0,
107,1000,1,0,
108,600,1,0,
109,1000,1,0,
110,600,1,0,
111,1000,1,0,
112,600,1,0,
113,1000,1,0,
114,600,1,0,
115,1000,1,0,
116,600,1,0,
117,1000,1,0,
118,600,1,0,
119,1000,1,0,
120,600,1,0,
121,1000,1,0,
122,600,1,0,
123,1000,1,0,
124,600,1,0,
125,1000,1,0,
126,600,1,0,
127,1000,1,0,
128,600,1,0,
129,1000,1,0,
130,600,1,0,
131,1000,0,0,
121,11,1,084スポット黄.png<color=11>
28
-69,0,0,0,
-48,100,0,0,
-34,150,0,0,
-17,-370,0,0,
-14,-400,0,0,
-11,-370,0,0,
8,374,0,0,
11,400,0,0,
14,374,0,0,
21,0,0,0,
28,-370,0,0,
31,-400,0,0,
34,-370,0,0,
53,374,0,0,
56,400,0,0,
59,374,0,0,
66,0,0,0,
73,-370,0,0,
76,-400,0,0,
79,-370,0,0,
98,374,0,0,
101,400,0,0,
104,374,0,0,
111,0,0,0,
118,-370,0,0,
121,-400,0,0,
124,-370,0,0,
131,-96,0,0,
121,12,1,084スポット黄.png<color=11>
201
-69,1000,1,0,
-68,600,1,0,
-67,1000,1,0,
-66,600,1,0,
-65,1000,1,0,
-64,600,1,0,
-63,1000,1,0,
-62,600,1,0,
-61,1000,1,0,
-60,600,1,0,
-59,1000,1,0,
-58,600,1,0,
-57,1000,1,0,
-56,600,1,0,
-55,1000,1,0,
-54,600,1,0,
-53,1000,1,0,
-52,600,1,0,
-51,1000,1,0,
-50,600,1,0,
-49,1000,1,0,
-48,600,1,0,
-47,1000,1,0,
-46,600,1,0,
-45,1000,1,0,
-44,600,1,0,
-43,1000,1,0,
-42,600,1,0,
-41,1000,1,0,
-40,600,1,0,
-39,1000,1,0,
-38,600,1,0,
-37,1000,1,0,
-36,600,1,0,
-35,1000,1,0,
-34,600,1,0,
-33,1000,1,0,
-32,600,1,0,
-31,1000,1,0,
-30,600,1,0,
-29,1000,1,0,
-28,600,1,0,
-27,1000,1,0,
-26,600,1,0,
-25,1000,1,0,
-24,600,1,0,
-23,1000,1,0,
-22,600,1,0,
-21,1000,1,0,
-20,600,1,0,
-19,1000,1,0,
-18,600,1,0,
-17,1000,1,0,
-16,600,1,0,
-15,1000,1,0,
-14,600,1,0,
-13,1000,1,0,
-12,600,1,0,
-11,1000,1,0,
-10,600,1,0,
-9,1000,1,0,
-8,600,1,0,
-7,1000,1,0,
-6,600,1,0,
-5,1000,1,0,
-4,600,1,0,
-3,1000,1,0,
-2,600,1,0,
-1,1000,1,0,
0,600,1,0,
1,1000,1,0,
2,600,1,0,
3,1000,1,0,
4,600,1,0,
5,1000,1,0,
6,600,1,0,
7,1000,1,0,
8,600,1,0,
9,1000,1,0,
10,600,1,0,
11,1000,1,0,
12,600,1,0,
13,1000,1,0,
14,600,1,0,
15,1000,1,0,
16,600,1,0,
17,1000,1,0,
18,600,1,0,
19,1000,1,0,
20,600,1,0,
21,1000,1,0,
22,600,1,0,
23,1000,1,0,
24,600,1,0,
25,1000,1,0,
26,600,1,0,
27,1000,1,0,
28,600,1,0,
29,1000,1,0,
30,600,1,0,
31,1000,1,0,
32,600,1,0,
33,1000,1,0,
34,600,1,0,
35,1000,1,0,
36,600,1,0,
37,1000,1,0,
38,600,1,0,
39,1000,1,0,
40,600,1,0,
41,1000,1,0,
42,600,1,0,
43,1000,1,0,
44,600,1,0,
45,1000,1,0,
46,600,1,0,
47,1000,1,0,
48,600,1,0,
49,1000,1,0,
50,600,1,0,
51,1000,1,0,
52,600,1,0,
53,1000,1,0,
54,600,1,0,
55,1000,1,0,
56,600,1,0,
57,1000,1,0,
58,600,1,0,
59,1000,1,0,
60,600,1,0,
61,1000,1,0,
62,600,1,0,
63,1000,1,0,
64,600,1,0,
65,1000,1,0,
66,600,1,0,
67,1000,1,0,
68,600,1,0,
69,1000,1,0,
70,600,1,0,
71,1000,1,0,
72,600,1,0,
73,1000,1,0,
74,600,1,0,
75,1000,1,0,
76,600,1,0,
77,1000,1,0,
78,600,1,0,
79,1000,1,0,
80,600,1,0,
81,1000,1,0,
82,600,1,0,
83,1000,1,0,
84,600,1,0,
85,1000,1,0,
86,600,1,0,
87,1000,1,0,
88,600,1,0,
89,1000,1,0,
90,600,1,0,
91,1000,1,0,
92,600,1,0,
93,1000,1,0,
94,600,1,0,
95,1000,1,0,
96,600,1,0,
97,1000,1,0,
98,600,1,0,
99,1000,1,0,
100,600,1,0,
101,1000,1,0,
102,600,1,0,
103,1000,1,0,
104,600,1,0,
105,1000,1,0,
106,600,1,0,
107,1000,1,0,
108,600,1,0,
109,1000,1,0,
110,600,1,0,
111,1000,1,0,
112,600,1,0,
113,1000,1,0,
114,600,1,0,
115,1000,1,0,
116,600,1,0,
117,1000,1,0,
118,600,1,0,
119,1000,1,0,
120,600,1,0,
121,1000,1,0,
122,600,1,0,
123,1000,1,0,
124,600,1,0,
125,1000,1,0,
126,600,1,0,
127,1000,1,0,
128,600,1,0,
129,1000,1,0,
130,600,1,0,
131,1000,0,0,
124,8,1,080スモーク黄.png<color=3>
3
-69,0,1,0,
-49,1000,0,0,
-35,1500,0,0,
124,12,1,080スモーク黄.png<color=3>
5
-69,0,0,0,
-49,353,0,0,
-45,1000,0,0,
-41,812,0,0,
-35,0,0,0,
125,8,1,080スモーク黄.png<color=3>
3
-69,0,1,0,
-48,1000,0,0,
-31,1500,0,0,
125,12,1,080スモーク黄.png<color=3>
5
-69,0,0,0,
-48,0,0,0,
-46,1000,0,0,
-37,812,0,0,
-31,0,0,0,
126,8,1,080スモーク黄.png<color=3>
3
-69,0,1,0,
-47,1000,0,0,
-29,1500,0,0,
126,12,1,080スモーク黄.png<color=3>
5
-69,0,0,0,
-47,0,0,0,
-43,1000,0,0,
-34,799,0,0,
-29,0,0,0,
127,8,1,080スモーク黄.png<color=3>
3
-69,0,1,0,
-49,1000,0,0,
-35,1500,0,0,
127,12,1,080スモーク黄.png<color=3>
5
-69,0,0,0,
-49,353,0,0,
-45,1000,0,0,
-41,812,0,0,
-35,0,0,0,
128,8,1,080スモーク黄.png<color=3>
3
-69,0,1,0,
-48,1000,0,0,
-33,1500,0,0,
128,12,1,080スモーク黄.png<color=3>
5
-69,0,0,0,
-48,0,0,0,
-46,1000,0,0,
-37,824,0,0,
-33,0,0,0,
129,8,1,080スモーク黄.png<color=3>
3
-69,0,1,0,
-47,1000,0,0,
-29,1500,0,0,
129,12,1,080スモーク黄.png<color=3>
5
-69,0,0,0,
-47,0,0,0,
-43,1000,0,0,
-34,774,0,0,
-29,0,0,0,
130,8,1,071粒.png
5
-69,0,1,0,
-17,500,2,-2,
-7,1800,1,0,
31,1000,2,-2,
51,2800,1,0,
130,12,1,071粒.png
1
0,0,1,0,
132,8,1,着弾スジ親ダミー<color=7>
3
-69,0,1,0,
31,500,0,0,
51,1500,0,0,
132,12,1,着弾スジ親ダミー<color=7>
1
0,0,1,0,
139,4,1,071粒.png
3
-69,0,1,0,
31,0,2,-3,
51,50,0,0,
139,5,1,071粒.png
3
-69,0,1,0,
31,0,2,-3,
51,-150,0,0,
139,8,1,071粒.png
3
-69,0,1,0,
31,800,2,-2,
51,1200,1,0,
139,12,1,071粒.png
1
0,0,1,0,
140,4,1,071粒.png
3
-69,0,1,0,
31,0,2,-3,
51,-70,0,0,
140,5,1,071粒.png
3
-69,0,1,0,
31,0,2,-3,
51,-160,0,0,
140,8,1,071粒.png
3
-69,0,1,0,
31,800,2,-2,
51,1200,1,0,
140,12,1,071粒.png
1
0,0,1,0,
141,4,1,071粒.png
3
-69,0,1,0,
33,0,2,-3,
53,0,0,0,
141,5,1,071粒.png
3
-69,0,1,0,
33,0,2,-3,
53,-200,0,0,
141,8,1,071粒.png
3
-69,0,1,0,
33,800,2,-2,
53,1200,1,0,
141,12,1,071粒.png
1
0,0,1,0,
142,4,1,071粒.png
3
-69,0,1,0,
33,0,2,-3,
53,-67,0,0,
142,5,1,071粒.png
3
-69,0,1,0,
33,0,2,-3,
53,-92,0,0,
142,8,1,071粒.png
3
-69,0,1,0,
33,800,2,-2,
53,1200,1,0,
142,12,1,071粒.png
1
0,0,1,0,
147,12,1,074青玉.png<color=2>
1
0,0,1,0,
148,12,1,074青玉.png<color=2>
1
0,0,1,0,
149,12,1,074青玉.png<color=2>
1
0,0,1,0,
150,4,1,着弾キラキラエフェクト親ダミー<color=7>
1
0,65,0,0,
150,5,1,
1
0,-120,0,0,
150,8,1,着弾キラキラエフェクト親ダミー<color=7>
4
-69,0,1,0,
-46,500,1,0,
-19,800,1,0,
31,1000,1,0,
150,11,1,着弾キラキラエフェクト親ダミー<color=7>
2
-69,0,0,0,
131,5000,0,0,
150,12,1,着弾キラキラエフェクト親ダミー<color=7>
8
-69,0,1,0,
-45,0,0,0,
-34,0,1,0,
-18,1000,0,0,
-4,0,1,0,
29,1000,0,0,
54,0,1,0,
131,0,1,0,
151,8,1,029ef_虹フラッシュ胸.png<color=0>
8
-69,713,0,0,
-40,1000,1,0,
-39,0,0,0,
20,1000,1,0,
21,0,0,0,
80,1000,1,0,
81,0,0,0,
131,847,0,0,
151,12,1,
12
-69,1000,0,0,
-63,1000,0,0,
-39,0,0,0,
-9,1000,0,0,
-3,1000,0,0,
21,0,0,0,
51,1000,0,0,
57,1000,0,0,
81,0,0,0,
111,1000,0,0,
117,1000,0,0,
131,417,0,0,
152,12,1,030ef_虹フラッシュ通常胸.png<color=3>
12
-69,1000,0,0,
-63,1000,0,0,
-39,500,0,0,
-9,1000,0,0,
-3,1000,0,0,
21,500,0,0,
51,1000,0,0,
57,1000,0,0,
81,500,0,0,
111,1000,0,0,
117,1000,0,0,
131,709,0,0,
153,8,1,028ef_粒子加算胸.png<color=0>
28
-69,1466,0,0,
-66,1600,1,0,
-65,500,0,0,
-51,1200,0,0,
-42,1600,1,0,
-41,500,0,0,
-27,1200,0,0,
-18,1600,1,0,
-17,500,0,0,
-3,1200,0,0,
6,1600,1,0,
7,500,0,0,
21,1200,0,0,
30,1600,1,0,
31,500,0,0,
45,1200,0,0,
54,1600,1,0,
55,500,0,0,
69,1200,0,0,
78,1600,1,0,
79,500,0,0,
93,1200,0,0,
102,1600,1,0,
103,500,0,0,
117,1200,0,0,
126,1600,1,0,
127,500,0,0,
131,700,0,0,
153,11,1,	ループ不要
2
-69,300,0,0,
131,2306,0,0,
153,12,1,
27
-69,200,0,0,
-65,0,0,0,
-57,1000,0,0,
-51,500,0,0,
-41,0,0,0,
-33,1000,0,0,
-27,500,0,0,
-17,0,0,0,
-9,1000,0,0,
-3,500,0,0,
7,0,0,0,
15,1000,0,0,
21,500,0,0,
31,0,0,0,
39,1000,0,0,
45,500,0,0,
55,0,0,0,
63,1000,0,0,
69,500,0,0,
79,0,0,0,
87,1000,0,0,
93,500,0,0,
103,0,0,0,
111,1000,0,0,
117,500,0,0,
127,0,0,0,
131,500,0,0,
154,8,1,028ef_粒子加算胸.png<color=3>
35
-69,971,1,0,
-68,1000,0,0,
-56,1500,1,0,
-55,800,0,0,
-51,800,0,0,
-44,1000,0,0,
-32,1500,1,0,
-31,800,0,0,
-27,800,0,0,
-20,1000,0,0,
-8,1500,1,0,
-7,800,0,0,
-3,800,0,0,
4,1000,0,0,
16,1500,1,0,
17,800,0,0,
21,800,0,0,
28,1000,0,0,
40,1500,1,0,
41,800,0,0,
45,800,0,0,
52,1000,0,0,
64,1500,1,0,
65,800,0,0,
69,800,0,0,
76,1000,0,0,
88,1500,1,0,
89,800,0,0,
93,800,0,0,
100,1000,0,0,
112,1500,1,0,
113,800,0,0,
117,800,0,0,
124,1000,0,0,
131,1291,0,0,
154,11,1,	ループ不要
2
-69,257,0,0,
131,1975,0,0,
154,12,1,
27
-69,857,1,0,
-68,1000,0,0,
-56,0,0,0,
-51,0,0,0,
-44,1000,0,0,
-32,0,0,0,
-27,0,0,0,
-20,1000,0,0,
-8,0,0,0,
-3,0,0,0,
4,1000,0,0,
16,0,0,0,
21,0,0,0,
28,1000,0,0,
40,0,0,0,
45,0,0,0,
52,1000,0,0,
64,0,0,0,
69,0,0,0,
76,1000,0,0,
88,0,0,0,
93,0,0,0,
100,1000,0,0,
112,0,0,0,
117,0,0,0,
124,1000,0,0,
131,417,0,0,
155,2,1,085ブラシ虹.png<color=8>
4
-69,85,1,0,
-46,87,1,0,
-19,85,1,0,
29,85,1,0,
155,4,1,
1
0,80,0,0,
155,5,1,085ブラシ虹.png<color=8>
4
-69,0,1,0,
-46,46,1,0,
-19,29,1,0,
29,-80,1,0,
155,8,1,085ブラシ虹.png<color=8>
4
-69,0,1,0,
-46,500,1,0,
-19,700,1,0,
29,1000,1,0,
155,12,1,085ブラシ虹.png<color=8>
11
-69,0,1,0,
-46,0,0,0,
-40,300,0,0,
-29,0,0,0,
-19,0,0,0,
-13,500,0,0,
1,0,0,0,
29,0,0,0,
35,1000,0,0,
45,1000,0,0,
51,0,0,0,
156,4,1,102着弾2.png<color=0>
1
0,90,1,0,
156,5,1,085ブラシ虹.png<color=8>
4
-69,0,1,0,
-18,40,1,0,
31,-50,0,0,
41,-40,1,0,
156,12,1,085ブラシ虹.png<color=8>
12
-69,0,1,0,
-46,0,0,0,
-40,300,0,0,
-29,0,0,0,
-19,0,0,0,
-16,504,0,0,
-13,600,0,0,
1,0,0,0,
26,0,0,0,
29,1000,0,0,
45,818,0,0,
51,0,0,0,
157,12,1,105黒バック.png<color=15>
5
-69,0,1,0,
-48,0,0,0,
-41,774,0,0,
-30,538,0,0,
-24,0,0,0,
158,4,1,076銃撃サークルUFO.png<color=6>
2
-69,0,1,0,
28,-4,1,0,
158,5,1,076銃撃サークルUFO.png<color=6>
2
-69,0,1,0,
28,-25,1,0,
158,8,1,076銃撃サークルUFO.png<color=1>
3
-69,0,1,0,
28,0,2,-4,
48,2500,1,0,
158,12,1,076銃撃サークルUFO.png<color=1>
4
-69,0,1,0,
28,1000,2,-2,
31,1000,2,-2,
48,0,1,0,
159,8,1,076銃撃サークルUFO.png<color=1>
5
-69,0,1,0,
-20,0,2,-4,
0,1500,1,0,
27,0,2,-4,
47,2500,1,0,
159,12,1,076銃撃サークルUFO.png<color=1>
7
-69,0,1,0,
-20,1000,0,0,
-13,862,0,0,
0,0,1,0,
27,1000,2,-2,
31,1000,2,-2,
47,0,1,0,
162,4,1,
1
0,-20,0,0,
162,5,1,074青玉.png<color=5>
4
-69,0,1,0,
9,-25,0,0,
14,-25,0,0,
23,-25,0,0,
162,8,1,076銃撃サークルUFO.png<color=1>
5
-69,0,1,0,
8,0,2,-2,
22,974,2,-2,
26,500,1,-4,
41,2000,1,0,
162,12,1,074青玉.png<color=5>
25
-69,500,1,0,
8,1000,1,0,
9,500,1,0,
10,1000,1,0,
11,500,1,0,
12,1000,1,0,
13,500,1,0,
14,1000,1,0,
15,500,1,0,
16,1000,1,0,
17,500,1,0,
18,1000,1,0,
19,500,1,0,
20,1000,1,0,
21,500,1,0,
22,1000,1,0,
23,500,1,0,
24,1000,1,0,
25,500,1,0,
26,1000,1,0,
27,800,1,0,
28,1000,1,0,
29,0,1,0,
30,0,1,0,
31,0,0,0,
166,8,1,029ef_虹フラッシュ胸.png<color=0>
8
-69,713,0,0,
-40,1000,1,0,
-39,0,0,0,
20,1000,1,0,
21,0,0,0,
80,1000,1,0,
81,0,0,0,
131,847,0,0,
166,12,1,
12
-69,1000,0,0,
-63,1000,0,0,
-39,0,0,0,
-9,1000,0,0,
-3,1000,0,0,
21,0,0,0,
51,1000,0,0,
57,1000,0,0,
81,0,0,0,
111,1000,0,0,
117,1000,0,0,
131,417,0,0,
167,12,1,030ef_虹フラッシュ通常胸.png<color=3>
12
-69,1000,0,0,
-63,1000,0,0,
-39,500,0,0,
-9,1000,0,0,
-3,1000,0,0,
21,500,0,0,
51,1000,0,0,
57,1000,0,0,
81,500,0,0,
111,1000,0,0,
117,1000,0,0,
131,709,0,0,
168,8,1,028ef_粒子加算胸.png<color=0>
28
-69,1466,0,0,
-66,1600,1,0,
-65,500,0,0,
-51,1200,0,0,
-42,1600,1,0,
-41,500,0,0,
-27,1200,0,0,
-18,1600,1,0,
-17,500,0,0,
-3,1200,0,0,
6,1600,1,0,
7,500,0,0,
21,1200,0,0,
30,1600,1,0,
31,500,0,0,
45,1200,0,0,
54,1600,1,0,
55,500,0,0,
69,1200,0,0,
78,1600,1,0,
79,500,0,0,
93,1200,0,0,
102,1600,1,0,
103,500,0,0,
117,1200,0,0,
126,1600,1,0,
127,500,0,0,
131,700,0,0,
168,11,1,	ループ不要
2
-69,300,0,0,
131,2306,0,0,
168,12,1,
27
-69,200,0,0,
-65,0,0,0,
-57,1000,0,0,
-51,500,0,0,
-41,0,0,0,
-33,1000,0,0,
-27,500,0,0,
-17,0,0,0,
-9,1000,0,0,
-3,500,0,0,
7,0,0,0,
15,1000,0,0,
21,500,0,0,
31,0,0,0,
39,1000,0,0,
45,500,0,0,
55,0,0,0,
63,1000,0,0,
69,500,0,0,
79,0,0,0,
87,1000,0,0,
93,500,0,0,
103,0,0,0,
111,1000,0,0,
117,500,0,0,
127,0,0,0,
131,500,0,0,
168,12,1,
27
-69,857,1,0,
-68,1000,0,0,
-56,0,0,0,
-51,0,0,0,
-44,1000,0,0,
-32,0,0,0,
-27,0,0,0,
-20,1000,0,0,
-8,0,0,0,
-3,0,0,0,
4,1000,0,0,
16,0,0,0,
21,0,0,0,
28,1000,0,0,
40,0,0,0,
45,0,0,0,
52,1000,0,0,
64,0,0,0,
69,0,0,0,
76,1000,0,0,
88,0,0,0,
93,0,0,0,
100,1000,0,0,
112,0,0,0,
117,0,0,0,
124,1000,0,0,
131,417,0,0,
169,8,1,028ef_粒子加算胸.png<color=3>
32
-69,971,1,0,
-68,1000,0,0,
-56,1500,1,0,
-55,800,0,0,
-51,800,0,0,
-44,1000,0,0,
-32,1500,1,0,
-31,800,0,0,
-27,800,0,0,
-20,1000,0,0,
-8,1500,1,0,
-7,800,0,0,
-3,800,0,0,
4,1000,0,0,
16,1500,1,0,
17,800,0,0,
21,800,0,0,
28,1000,0,0,
40,1500,1,0,
41,800,0,0,
45,800,0,0,
52,1000,0,0,
64,1500,1,0,
65,800,0,0,
69,800,0,0,
76,1000,0,0,
88,1500,1,0,
89,800,0,0,
93,800,0,0,
100,1000,0,0,
112,1500,0,0,
131,1600,0,0,
169,11,1,	ループ不要
2
-69,257,0,0,
131,1975,0,0,
170,6,1,075黄玉.png
6
-69,0,1,0,
-19,0,1,0,
-18,60,1,0,
-17,77,1,0,
29,34,0,0,
31,98,1,0,
170,12,1,075黄玉.png
6
-69,0,1,0,
-19,1000,1,0,
-18,1000,0,0,
-9,0,1,0,
29,1000,1,0,
31,0,1,0,
171,2,1,112斬撃用玉2.png<color=13>
5
-69,110,1,0,
-44,0,1,0,
-17,112,1,0,
31,112,0,0,
51,112,0,0,
171,4,1,112斬撃用玉2.png<color=13>
3
-69,0,1,0,
-45,50,1,0,
-19,0,1,0,
171,8,1,112斬撃用玉2.png<color=13>
7
-69,0,1,0,
-44,800,0,0,
-35,1500,1,0,
-17,1000,0,0,
-9,1400,1,0,
31,1000,0,0,
51,1600,0,0,
171,12,1,112斬撃用玉2.png<color=13>
1
0,0,1,0,
173,2,1,112斬撃用玉2.png<color=13>
5
-69,110,1,0,
-44,0,1,0,
-17,112,1,0,
31,112,0,0,
51,112,0,0,
174,12,1,069銃虹軌跡.png<color=1>
4
-69,0,0,0,
7,0,1,0,
8,1000,0,0,
14,0,0,0,
175,12,1,069銃虹軌跡.png<color=1>
7
-69,0,1,0,
-22,500,1,0,
-21,1000,0,0,
-14,0,0,0,
7,0,1,0,
8,1000,0,0,
14,0,0,0,
176,8,1,086ブラシ黄.png
3
-69,0,1,0,
26,1000,2,-2,
34,2500,1,0,
176,12,1,086ブラシ黄.png
4
-69,0,1,0,
26,1000,0,0,
29,824,0,0,
33,0,1,0,
177,11,1,030上半身1.png<color=0>
26
-69,0,2,-4,
-59,-50,2,-2,
-54,50,2,2,
-49,-200,0,0,
-41,-220,0,0,
-34,-200,2,-2,
-26,100,2,2,
-19,0,0,0,
-14,20,0,0,
-9,0,1,-2,
-8,-100,2,-2,
0,200,2,2,
8,-100,0,0,
28,-100,2,-2,
41,100,2,2,
51,-50,1,0,
52,-100,0,0,
61,150,0,0,
71,-100,0,0,
81,100,0,0,
91,-100,0,0,
96,0,0,0,
101,50,2,-2,
111,70,2,2,
121,50,0,0,
126,0,0,0,
177,12,1,114ベルト.png
3
-69,1000,1,0,
-20,0,1,0,
-8,1000,1,0,
178,12,1,113反転時の顔.png
3
-69,0,1,0,
52,1000,1,0,
61,0,1,0,
181,11,1,118触覚.png<color=1>
38
-69,0,0,0,
-49,0,0,0,
-46,-150,0,0,
-42,100,0,0,
-39,-69,0,0,
-34,0,0,0,
-24,-100,0,0,
-19,0,0,0,
-13,100,0,0,
-6,-115,0,0,
1,100,0,0,
8,0,0,0,
13,-150,0,0,
17,100,0,0,
22,-93,0,0,
28,0,0,0,
31,-150,0,0,
36,100,0,0,
41,-131,0,0,
46,0,0,0,
52,0,0,0,
56,-68,0,0,
61,200,0,0,
66,-97,0,0,
71,170,1,0,
72,0,0,0,
77,-150,0,0,
81,200,0,0,
85,-112,0,0,
91,200,0,0,
96,-127,0,0,
101,200,0,0,
106,-123,0,0,
110,145,0,0,
114,-53,0,0,
120,51,0,0,
125,-17,0,0,
131,0,0,0,
182,11,1,118触覚.png<color=1>
38
-69,0,0,0,
-49,0,0,0,
-46,150,0,0,
-42,-100,0,0,
-39,69,0,0,
-34,0,0,0,
-24,100,0,0,
-19,0,0,0,
-13,-100,0,0,
-6,115,0,0,
1,-100,0,0,
8,0,0,0,
13,150,0,0,
17,-100,0,0,
22,93,0,0,
28,0,0,0,
31,150,0,0,
36,-100,0,0,
41,131,0,0,
46,0,0,0,
52,0,0,0,
56,68,0,0,
61,-200,0,0,
66,97,0,0,
71,-170,1,0,
72,0,0,0,
77,150,0,0,
81,-200,0,0,
85,112,0,0,
91,-200,0,0,
96,127,0,0,
101,-200,0,0,
106,123,0,0,
110,-145,0,0,
114,53,0,0,
120,-51,0,0,
125,17,0,0,
131,0,0,0,
185,4,1,キャラ親ダミー<color=7>
8
-69,0,1,0,
52,10,1,0,
53,25,1,0,
54,0,1,0,
72,10,1,0,
73,19,1,0,
74,0,1,0,
92,0,1,0,
185,13,1,キャラ親ダミー<color=7>
6
-69,0,1,0,
52,1,1,0,
54,0,1,0,
72,1,1,0,
74,0,1,0,
92,0,1,0,
185,11,1,123ポニテール上.png<color=2>
33
-69,0,0,0,
-59,0,0,0,
-54,75,0,0,
-49,-50,0,0,
-43,9,0,0,
-39,-38,0,0,
-34,0,0,0,
-29,105,0,0,
-24,120,0,0,
-19,-150,0,0,
-13,0,0,0,
-9,0,0,0,
-4,150,0,0,
8,-150,0,0,
13,-170,0,0,
22,0,0,0,
28,0,0,0,
34,110,0,0,
43,-57,0,0,
50,0,0,0,
52,0,0,0,
61,-114,0,0,
68,111,0,0,
72,-99,0,0,
74,-36,0,0,
80,-135,0,0,
87,20,0,0,
91,-36,0,0,
96,69,0,0,
101,-78,0,0,
110,39,0,0,
120,-17,0,0,
131,0,0,0,
186,11,1,124ポニテール中.png<color=2>
35
-69,0,0,0,
-56,0,0,0,
-51,100,0,0,
-46,-50,0,0,
-40,50,0,0,
-36,-25,0,0,
-31,0,0,0,
-21,18,0,0,
-16,-100,0,0,
-10,0,0,0,
-6,0,0,0,
-1,50,0,0,
3,55,0,0,
11,-70,0,0,
16,41,0,0,
22,0,0,0,
31,0,0,0,
37,35,0,0,
42,-46,0,0,
46,-57,0,0,
53,0,0,0,
55,0,0,0,
61,-99,0,0,
64,-114,0,0,
71,-12,0,0,
75,0,0,0,
80,-60,0,0,
84,50,0,0,
90,-20,0,0,
94,-36,0,0,
99,69,0,0,
104,-78,0,0,
113,39,0,0,
123,-17,0,0,
131,0,0,0,
187,11,1,125ポニテール下.png<color=2>
32
-69,0,0,0,
-53,0,0,0,
-48,150,0,0,
-43,-100,0,0,
-37,95,0,0,
-33,-38,0,0,
-28,0,0,0,
-18,120,0,0,
-13,-150,0,0,
-7,0,0,0,
-3,0,0,0,
2,150,0,0,
14,-70,0,0,
19,41,0,0,
25,0,0,0,
34,0,0,0,
40,110,0,0,
49,-57,0,0,
56,0,0,0,
58,0,0,0,
67,-114,0,0,
74,111,0,0,
78,-99,0,0,
83,60,0,0,
87,-50,0,0,
93,20,0,0,
97,-36,0,0,
102,69,0,0,
107,-78,0,0,
116,39,0,0,
126,-17,0,0,
131,0,0,0,
195,12,1,127バイザー照り返し紫.png<color=14>
20
-69,0,1,0,
-44,1000,0,0,
-41,868,0,0,
-37,0,1,0,
-18,500,0,0,
-15,1000,0,0,
-7,0,1,0,
27,1000,0,0,
29,500,0,0,
31,1000,0,0,
33,500,0,0,
35,1000,0,0,
37,500,0,0,
39,1000,0,0,
41,500,0,0,
43,1000,0,0,
45,500,1,0,
46,1000,0,0,
51,0,1,0,
131,0,1,0,
195,2,1,127バイザー照り返し紫.png<color=14>
2
-69,127,1,0,
-19,127,1,0,
196,12,1,129バイザー反射.png
4
-69,0,1,0,
109,1000,0,0,
113,1000,0,0,
119,0,0,0,
196,4,1,129バイザー反射.png
3
-69,0,0,0,
109,0,2,-1,
119,28,0,0,
196,5,1,129バイザー反射.png
3
-69,0,0,0,
109,0,2,-1,
119,-7,0,0,
196,10,1,129バイザー反射.png
4
-69,1000,1,0,
105,1000,0,0,
110,800,0,0,
114,1000,1,0,
