[maanim]
1
16
15,12,-1,出现
4
0,1000,0,0,
5,1000,0,0,
6,0,0,0,
40,0,0,0,
15,5,-1,
3
0,20,0,0,
5,-10,0,0,
40,0,0,0,
15,11,-1,
3
0,0,0,0,
5,90,0,0,
40,0,0,0,
16,12,-1,
6
0,0,0,0,
5,0,0,0,
6,1000,0,0,
10,1000,0,0,
11,0,0,0,
40,0,0,0,
16,5,-1,
4
0,0,0,0,
6,0,0,0,
10,20,0,0,
40,0,0,0,
16,11,-1,
4
0,0,0,0,
6,0,0,0,
10,90,0,0,
40,0,0,0,
17,12,-1,
6
0,0,0,0,
10,0,0,0,
11,1000,0,0,
20,1000,0,0,
21,1000,0,0,
40,1000,0,0,
17,10,-1,
7
0,0,0,0,
11,1000,0,0,
15,600,0,0,
20,1000,0,0,
25,0,0,0,
30,0,0,0,
40,0,0,0,
1,10,-1,
6
0,0,0,0,
19,0,0,0,
20,0,0,0,
30,1000,0,0,
35,1100,0,0,
40,1000,0,0,
8,12,-1,
1
0,0,0,0,
9,4,-1,
5
0,-15,0,0,
5,-10,0,0,
6,8,0,0,
10,8,0,0,
40,0,0,0,
9,9,-1,
5
0,600,0,0,
5,500,0,0,
6,500,0,0,
10,1000,0,0,
40,1000,0,0,
14,12,-1,
1
0,0,0,0,
13,12,-1,
1
0,0,0,0,
10,12,-1,
1
0,0,0,0,
11,12,-1,
1
0,0,0,0,
