[maanim]
1
18
9,4,1,
7
0,0,0,0,
7,0,0,0,
8,6,0,0,
9,10,0,0,
14,10,0,0,
15,0,0,0,
18,0,0,0,
15,12,1,
1
0,0,0,0,
16,12,1,
1
0,0,0,0,
17,12,1,
1
0,0,0,0,
8,12,1,
1
0,0,0,0,
13,12,1,
6
0,0,0,0,
8,0,0,0,
9,1000,0,0,
12,1000,0,0,
15,0,0,0,
18,0,0,0,
13,4,1,
5
0,0,0,0,
6,0,0,0,
12,5,0,0,
15,8,0,0,
18,0,0,0,
1,12,1,
6
0,1000,0,0,
3,1000,0,0,
4,0,0,0,
14,0,0,0,
15,1000,0,0,
18,1000,0,0,
1,10,1,
4
0,1000,0,0,
14,1000,0,0,
15,850,0,0,
18,1000,0,0,
2,10,1,
4
0,1000,0,0,
1,1100,0,0,
3,1200,0,0,
18,1000,0,0,
2,11,1,
3
0,0,0,0,
15,120,0,0,
18,0,0,0,
10,12,1,
6
0,0,0,0,
3,0,0,0,
4,1000,0,0,
8,1000,0,0,
9,0,0,0,
18,0,0,0,
10,4,1,
5
0,0,0,0,
7,0,0,0,
8,4,0,0,
9,0,0,0,
18,0,0,0,
10,11,1,
5
0,0,0,0,
7,0,0,0,
8,30,0,0,
9,0,0,0,
18,0,0,0,
10,10,1,
6
0,0,0,0,
3,0,0,0,
4,1000,0,0,
8,1200,0,0,
9,0,0,0,
18,0,0,0,
11,12,1,
6
0,0,0,0,
8,0,0,0,
9,1000,0,0,
14,1000,0,0,
15,0,0,0,
18,0,0,0,
11,10,1,
5
0,0,0,0,
9,1000,0,0,
14,800,0,0,
15,0,0,0,
18,0,0,0,
14,12,1,
1
0,0,0,0,
