[maanim]
1
26
13,12,-1,
1
0,0,0,0,
14,12,-1,
1
0,0,0,0,
15,12,-1,
1
0,0,0,0,
16,12,-1,
1
0,0,0,0,
17,12,-1,
1
0,0,0,0,
1,4,-1,
4
0,0,0,0,
15,10,0,0,
20,10,0,0,
35,0,0,0,
9,4,-1,
4
0,0,0,0,
15,10,0,0,
20,10,0,0,
35,0,0,0,
9,9,-1,
4
0,1000,0,0,
15,950,0,0,
20,950,0,0,
35,1000,0,0,
1,9,-1,
4
0,1000,0,0,
15,950,0,0,
20,950,0,0,
35,1000,0,0,
1,10,-1,
4
0,1000,0,0,
15,950,0,0,
20,950,0,0,
35,1000,0,0,
2,4,-1,
4
0,0,0,0,
15,2,0,0,
20,2,0,0,
35,0,0,0,
2,8,-1,
4
0,1000,0,0,
15,980,0,0,
20,980,0,0,
35,1000,0,0,
2,11,-1,
4
0,0,0,0,
15,30,0,0,
25,30,0,0,
35,0,0,0,
2,5,-1,
4
0,0,0,0,
15,-2,0,0,
20,-2,0,0,
35,0,0,0,
3,5,-1,
4
0,0,0,0,
15,-1,0,0,
20,-1,0,0,
35,0,0,0,
3,10,-1,
4
0,1000,0,0,
15,950,0,0,
25,950,0,0,
35,1000,0,0,
4,5,-1,
4
0,0,0,0,
15,2,0,0,
25,2,0,0,
35,0,0,0,
5,11,-1,
4
0,0,0,0,
15,150,0,0,
25,150,0,0,
35,0,0,0,
6,11,-1,
4
0,0,0,0,
15,-150,0,0,
25,-150,0,0,
35,0,0,0,
7,11,-1,
3
0,0,0,0,
17,150,0,0,
35,0,0,0,
7,5,-1,
3
0,0,0,0,
17,-2,0,0,
35,0,0,0,
8,12,-1,软泥
5
0,0,0,0,
4,1000,0,0,
15,1000,0,0,
22,0,0,0,
35,0,0,0,
8,9,-1,
4
0,1000,0,0,
15,1200,0,0,
22,1250,0,0,
35,1250,0,0,
8,4,-1,
3
0,7,0,0,
25,0,0,0,
35,0,0,0,
10,12,-1,
1
0,0,0,0,
11,12,-1,
1
0,0,0,0,
