[mamodel]
3
18
-1,-1,12,0,0,0,-30,0,1790,1790,0,1000,0,default
0,0,1,1,0,0,35,25,1000,1000,0,1000,0,主身体
1,0,2,2,3,-14,30,40,1000,1000,0,1000,0,身体2
2,0,3,3,10,-23,15,0,1000,1000,0,1000,0,嘴巴
2,0,4,4,-5,-32,15,7,1000,1000,0,1000,0,头发
2,0,5,5,4,-36,13,15,1000,1000,0,1000,0,耳朵
2,0,5,-1,15,-35,13,15,1000,1000,0,1000,0,耳朵
1,0,6,-1,-21,-9,19,34,1000,1000,0,1000,0,尾巴
0,0,7,8,-29,-1,15,10,1000,1000,0,1000,0,拖地
0,0,8,-1,-5,2,30,10,1300,1000,0,1000,0,影子
0,0,9,1,3,-1,45,95,1000,1000,0,1000,0,攻击动画
0,0,10,2,14,-1,50,57,1000,1000,0,1000,0,攻击后
11,0,8,-4,-42,-7,0,0,1300,1000,0,1000,0,攻击后影
0,0,11,9,40,-37,0,0,1000,1000,0,1000,0,攻击后影
0,0,15,0,-42,-112,0,0,1000,1000,0,1000,0,科比
0,0,12,1,-21,-59,30,40,1000,1000,0,1000,0,出现
0,0,13,2,-2,-61,30,55,1000,1000,0,1000,0,出现
0,0,14,3,2,-1,35,45,1000,1000,0,1000,0,出现
1000,3600,1000
1
0,0,0,0,0,0,