[maanim]
1
14
2,5,-1,
3
0,0,1,0,
4,-1,1,0,
8,0,1,0,
4,2,-1,
5
0,3,1,0,
4,6,1,0,
8,3,1,0,
12,5,1,0,
16,3,1,0,
4,5,-1,
5
0,0,1,0,
4,1,1,0,
8,0,1,0,
12,1,1,0,
16,0,1,0,
4,6,-1,
5
0,0,1,0,
4,3,1,0,
8,0,1,0,
12,0,1,0,
16,0,1,0,
4,7,-1,
5
0,0,1,0,
4,3,1,0,
8,0,1,0,
12,0,1,0,
16,0,1,0,
5,11,-1,
3
0,0,1,0,
4,-60,1,0,
8,0,1,0,
6,5,-1,
4
0,0,1,0,
4,-1,1,0,
8,0,1,0,
16,0,1,0,
6,11,-1,
5
0,0,1,0,
4,30,1,0,
8,0,1,0,
12,-30,1,0,
16,0,1,0,
7,11,-1,
3
0,0,1,0,
4,60,1,0,
8,0,1,0,
8,12,-1,
1
0,0,0,0,
9,12,-1,
1
0,0,0,0,
12,12,-1,
1
0,0,0,0,
14,12,-1,
1
0,0,0,0,
18,12,-1,
1
0,0,0,0,
