[maanim]
1
17
2,12,1,
3
0,1000,1,0,
8,0,1,0,
17,0,1,0,
3,12,1,
1
0,0,0,0,
8,5,1,
4
0,0,2,-1,
4,-3,2,1,
6,0,0,0,
7,2,0,0,
8,11,1,
4
0,0,2,-1,
4,-25,2,1,
6,0,0,0,
7,10,0,0,
9,5,1,
4
0,0,2,-1,
4,1,2,1,
6,0,0,0,
7,-1,0,0,
12,4,1,
3
0,0,2,-1,
4,-2,2,1,
6,0,0,0,
12,11,1,
4
0,0,2,-1,
4,60,2,1,
6,0,0,0,
7,80,0,0,
12,12,1,
2
0,1000,1,0,
8,0,1,0,
14,5,1,
3
0,0,1,0,
8,5,2,-1,
10,0,0,0,
14,9,1,
3
0,0,1,0,
8,1200,2,-1,
10,1000,0,0,
14,10,1,
3
0,0,1,0,
8,800,2,-1,
10,1000,0,0,
16,11,1,
3
0,0,0,0,
8,-50,2,-1,
10,0,0,0,
17,11,1,
3
0,0,0,0,
8,50,2,-1,
10,0,0,0,
18,4,1,
2
0,0,0,0,
8,7,0,0,
18,5,1,
2
0,0,0,0,
8,6,0,0,
18,12,1,
3
0,0,1,0,
8,1000,0,0,
10,0,0,0,
22,11,1,
2
0,0,0,0,
8,100,0,0,
