[maanim]
1
28
2,5,1,
1
0,10,0,0,
3,2,1,
3
0,9,1,0,
16,0,1,0,
31,0,1,0,
3,4,1,
17
0,-176,1,0,
2,-169,1,0,
4,-176,1,0,
6,-169,1,0,
8,-176,1,0,
10,-169,1,0,
12,-176,1,0,
14,-169,1,0,
16,0,1,0,
18,0,1,0,
20,0,1,0,
22,0,1,0,
24,0,1,0,
26,0,1,0,
28,0,1,0,
30,0,1,0,
31,0,1,0,
3,5,1,
17
0,35,1,0,
2,35,1,0,
4,35,1,0,
6,35,1,0,
8,35,1,0,
10,35,1,0,
12,35,1,0,
14,35,1,0,
16,35,1,0,
18,0,1,0,
20,0,1,0,
22,0,1,0,
24,0,1,0,
26,0,1,0,
28,0,1,0,
30,0,1,0,
31,0,1,0,
5,12,1,
3
0,0,1,0,
16,1000,1,0,
31,1000,1,0,
5,5,1,
10
0,0,1,0,
16,10,1,0,
17,15,1,0,
18,10,1,0,
19,15,1,0,
20,10,1,0,
21,15,1,0,
22,10,1,0,
23,15,1,0,
24,10,1,0,
8,11,1,
4
0,0,1,0,
16,40,1,0,
18,0,1,0,
31,0,1,0,
8,4,1,
4
0,0,1,0,
16,6,1,0,
18,0,1,0,
31,0,1,0,
7,5,1,
4
0,0,1,0,
16,-11,1,0,
18,0,1,0,
31,0,1,0,
7,4,1,
4
0,0,1,0,
16,6,1,0,
18,0,1,0,
31,0,1,0,
7,11,1,
4
0,0,1,0,
16,80,1,0,
18,0,1,0,
31,0,1,0,
9,5,1,
4
0,0,1,0,
16,-8,1,0,
18,0,1,0,
31,0,1,0,
9,4,1,
4
0,0,1,0,
16,2,1,0,
18,0,1,0,
31,0,1,0,
10,12,1,
4
0,0,1,0,
16,1000,1,0,
18,0,1,0,
31,0,1,0,
11,2,1,
8
0,0,1,0,
18,15,1,0,
20,16,1,0,
22,17,1,0,
24,0,1,0,
28,0,1,0,
30,0,1,0,
31,0,1,0,
11,5,1,
9
0,0,1,0,
16,0,1,0,
18,11,1,0,
19,0,1,0,
20,-22,1,0,
22,88,1,0,
23,94,1,0,
26,0,1,0,
31,0,1,0,
11,4,1,
8
0,0,1,0,
16,0,1,0,
18,0,1,0,
20,0,1,0,
22,15,1,0,
24,0,1,0,
26,0,1,0,
31,0,1,0,
12,12,1,
6
0,0,1,0,
16,0,1,0,
20,1000,0,0,
23,0,0,0,
25,0,1,0,
31,0,1,0,
13,5,1,
4
0,0,1,0,
16,0,1,0,
18,0,2,-2,
31,-132,2,-2,
13,4,1,
4
0,0,1,0,
16,0,1,0,
18,0,2,-2,
31,0,2,-2,
11,12,1,
6
0,0,1,0,
16,0,1,0,
18,1000,1,0,
23,500,1,0,
24,0,1,0,
31,0,1,0,
14,5,1,
4
0,0,1,0,
16,0,1,0,
18,0,2,1,
31,-110,2,1,
14,4,1,
4
0,0,1,0,
16,0,1,0,
18,0,0,1,
31,-44,0,1,
15,5,1,
4
0,0,1,0,
16,0,1,0,
18,0,2,1,
31,-110,2,1,
15,4,1,
4
0,0,1,0,
16,0,1,0,
18,0,2,1,
31,22,2,1,
11,10,1,
5
0,1000,1,0,
18,900,1,0,
19,1000,1,0,
23,800,1,0,
31,0,1,0,
11,9,1,
4
0,1000,1,0,
18,900,1,0,
19,1000,1,0,
31,1000,1,0,
16,12,1,
6
0,0,1,0,
16,0,1,0,
18,1000,0,0,
21,500,0,0,
23,0,0,0,
31,0,1,0,
