[mamodel]
3
17
-1,-1,0,0,0,0,35,-5,454,454,0,1000,0,ダミー
0,8,21,1,0,0,0,0,1790,1790,0,1000,0,影
0,8,0,2,0,0,0,0,1000,1000,0,1000,0,歩き・停止・溜め
2,8,0,1,-59,-624,0,0,1790,1790,0,1000,0,上半身・溜め
2,8,0,0,-44,-233,0,0,1790,1790,0,1000,0,下半身
0,8,0,5,0,0,0,0,1000,1000,0,1000,0,攻撃
5,8,10,6,116,-121,70,66,1790,1790,0,1000,0,下半身
5,8,11,7,-11,-334,55,66,1790,1790,0,1000,0,頭
5,8,12,8,110,-316,96,70,1790,1790,0,1000,0,上半身
5,8,13,9,-48,-233,88,22,1790,1790,0,1000,0,腕
5,8,14,10,-206,13,0,0,1790,1790,-900,1000,0,エフェクト
5,8,0,11,-143,-110,85,70,1790,1790,0,1000,0,土
5,8,0,12,0,0,0,0,1000,1000,0,1000,0,土小
12,8,18,13,-162,-165,0,0,1790,1790,0,1000,0,土小１
12,8,19,13,-286,-132,0,0,1790,1790,0,1000,0,土小１
12,8,20,13,0,-110,0,0,1790,1790,0,1000,0,土小１
5,8,17,16,-143,-110,74,33,1790,1790,0,500,0,土エフェクト
1000,3600,1000
1
0,0,0,0,5,0,