[maanim]
1
13
1,5,1,0,0,
2
0,0,0,0,
17,0,0,0,
3,2,1,0,0,
4
0,16,1,0,
2,15,1,0,
4,16,1,0,
6,18,1,0,
3,4,1,0,0,
3
0,0,1,0,
6,2,0,0,
10,0,0,0,
3,5,1,0,0,
2
0,0,1,0,
6,-1,0,0,
3,6,1,0,0,
2
0,2,1,0,
6,0,1,0,
3,7,1,0,0,
4
0,25,1,0,
2,28,1,0,
4,25,1,0,
6,-12,1,0,
3,11,1,0,0,
4
0,0,0,0,
6,20,0,0,
8,75,0,0,
10,0,0,0,
9,4,1,0,0,
3
0,0,0,0,
6,2,0,0,
10,0,0,0,
9,5,1,0,0,
4
0,0,0,0,
6,0,0,0,
8,1,0,0,
10,0,0,0,
9,11,1,0,0,
4
0,0,0,0,
6,5,0,0,
8,20,0,0,
10,0,0,0,
9,12,1,0,0,
2
0,0,1,0,
6,1000,1,0,
10,10,1,0,0,
3
0,0,0,0,
6,1000,0,0,
7,1200,0,0,
10,12,1,0,0,
3
0,0,0,0,
6,1000,0,0,
8,0,0,0,
