[mamodel]
3
11
-1,-1,0,0,0,0,0,0,1790,1790,0,1000,0,default
0,0,4,0,-51,-1,27,2,1000,1000,0,1000,0,default
1,0,1,3,11,-16,37,18,1000,1000,0,1000,0,default
2,0,2,4,-1,-1,3,22,1000,1000,0,1000,0,default
2,0,3,2,-33,6,11,5,1000,1000,0,1000,0,default
2,0,5,5,-24,7,10,6,1000,1000,0,1000,0,default
2,0,6,5,-9,6,10,4,1000,1000,0,1000,0,default
2,0,14,1,7,12,7,3,1000,1000,0,1000,0,default
2,0,14,1,-14,12,7,3,1000,1000,0,1000,0,default
2,0,17,6,6,0,10,1,1000,1000,0,1000,0,default
9,0,19,5,15,4,20,50,1000,1000,0,1000,0,default
1000,3600,1000
1
0,0,0,0,0,0,default
