[maanim]
1
35
1,11,1,
4
0,0,1,0,
8,60,1,0,
10,60,0,0,
18,0,1,0,
1,2,1,
4
0,1,1,0,
16,15,1,0,
18,16,1,0,
20,17,1,0,
1,5,1,
7
0,0,1,0,
8,-8,0,0,
10,-16,0,0,
12,-8,0,0,
14,0,0,0,
16,0,0,0,
18,0,0,0,
1,4,1,
4
0,0,1,0,
8,12,0,0,
10,20,0,0,
18,0,0,0,
2,4,1,
4
0,0,1,0,
8,12,0,0,
10,20,0,0,
18,0,0,0,
3,2,1,
5
0,3,1,0,
2,4,1,0,
4,3,1,0,
6,4,1,0,
8,0,1,0,
4,12,1,
3
0,0,1,0,
8,1000,0,0,
14,0,0,0,
4,8,1,
3
0,1000,0,0,
8,1000,2,-4,
14,1300,0,0,
5,12,1,
3
0,0,1,0,
8,1000,0,0,
14,0,0,0,
5,8,1,
3
0,1000,0,0,
8,1000,2,-4,
14,1300,0,0,
6,12,1,
3
0,0,1,0,
8,1000,0,0,
14,0,0,0,
6,8,1,
3
0,1000,0,0,
8,1000,2,-4,
14,1300,0,0,
7,12,1,
6
0,0,1,0,
8,1000,1,0,
11,1000,1,0,
12,0,1,0,
24,1000,1,0,
25,1000,1,0,
7,4,1,
5
0,0,1,0,
8,0,1,0,
10,-200,1,0,
24,-268,1,0,
25,-248,1,0,
7,5,1,
5
0,0,0,0,
8,0,1,0,
10,128,1,0,
24,-200,1,0,
25,-40,1,0,
7,8,1,
6
0,1000,0,0,
8,1000,1,0,
10,1400,1,0,
12,1400,1,0,
24,1000,1,0,
25,600,1,0,
8,12,1,
3
0,0,1,0,
8,1000,1,0,
10,0,1,0,
9,12,1,
3
0,0,1,0,
5,1000,1,0,
6,0,1,0,
10,12,1,
5
0,0,1,0,
4,1000,1,0,
5,0,1,0,
6,1000,1,0,
7,0,1,0,
11,12,1,
4
0,0,1,0,
12,1000,1,0,
14,1000,2,2,
25,1000,0,0,
11,9,1,
5
0,0,1,0,
12,800,2,-2,
16,1200,0,0,
20,1200,2,-1,
25,100,0,0,
11,2,1,
2
0,9,1,0,
16,0,1,0,
13,12,1,
1
0,0,0,0,
13,10,1,
0
14,12,1,
2
0,0,1,0,
16,1000,0,0,
14,10,1,
5
0,0,0,0,
16,800,0,0,
20,1000,0,0,
22,1200,0,0,
25,400,0,0,
14,5,1,
3
0,0,0,0,
23,0,0,0,
25,-30,0,0,
15,12,1,
3
0,0,1,0,
16,1000,2,-2,
22,0,0,0,
15,8,1,
3
0,0,1,0,
16,1000,0,0,
22,1200,2,0,
15,5,1,
3
0,0,0,0,
16,0,0,0,
22,-20,0,0,
12,12,1,
2
0,0,1,0,
1,0,0,0,
7,11,1,矢　小
3
0,0,1,0,
24,-520,1,0,
25,-500,1,0,
16,12,1,ダミー
3
0,0,1,0,
19,1000,1,0,
20,0,1,0,
17,12,1,ダミー
5
0,0,1,0,
18,1000,1,0,
19,0,1,0,
20,1000,1,0,
21,0,1,0,
17,5,1,ダミー
3
0,0,1,0,
18,160,1,0,
19,0,1,0,
