[mamodel]
3
19
-1,-1,0,0,0,0,-20,-315,525,525,0,1000,0,ダミー
0,5,1,1,180,360,180,300,1000,1000,0,1000,0,本体
0,5,2,2,30,594,0,0,1000,1000,0,1000,0,影
0,5,3,3,7,304,0,0,1000,1000,0,1000,0,バチバチ１
0,5,5,13,25,368,68,40,1000,1000,370,1000,0,粒
0,5,5,13,167,329,68,40,1000,1000,-689,1000,0,粒_copied
0,5,5,13,101,360,68,40,1000,1000,-81,1000,0,粒_copied
0,5,6,6,9,395,0,0,800,800,-130,1000,0,矢　小
0,5,7,7,-108,477,0,0,800,800,-93,1000,0,矢　大
0,5,13,8,80,320,0,0,1000,1000,-136,1000,0,黒雷1-1
0,5,13,9,113,317,0,0,-1000,1000,133,1000,0,黒雷1-2
0,5,8,10,-104,601,64,32,1000,1000,0,1000,0,攻撃影
11,5,9,11,0,-8,64,24,1000,1000,0,1000,0,攻撃1
11,5,10,12,2,29,64,216,1000,1000,0,1000,0,攻撃２
11,5,11,13,-4,85,64,520,1000,1000,0,1000,0,攻撃３
0,5,12,14,-75,542,152,80,1290,1290,0,700,0,波動
0,5,13,14,-106,540,80,40,1000,1000,0,1000,0,ダミー
0,5,13,15,-109,385,80,40,-1000,1000,0,1000,0,黒雷
0,5,14,16,-300,48,0,0,1000,1000,0,0,0,位置取り用
1000,3600,1000
2
0,0,0,0,0,0,default
0,0,0,0,0,0,exhibit