[maanim]
1
16
1,4,1,0,0,
4
0,0,1,0,
14,35,2,-2,
16,42,0,0,
20,0,0,0,
3,4,1,0,0,
9
0,-2,0,0,
2,-4,0,0,
4,-2,0,0,
6,-4,0,0,
8,-2,0,0,
10,-4,0,0,
12,-2,1,0,
20,-1,0,0,
21,-1,0,0,
3,11,1,0,0,
4
0,0,0,0,
2,50,0,0,
4,75,1,0,
12,50,0,0,
3,12,1,0,0,
3
0,1000,1,0,
14,0,1,0,
20,1000,1,0,
4,11,1,0,0,
4
0,0,0,0,
8,0,0,0,
11,-75,0,0,
12,-50,0,0,
5,12,1,0,0,
3
0,1000,1,0,
14,0,1,0,
20,1000,1,0,
6,11,1,0,0,
7
0,0,0,0,
4,75,0,0,
6,200,0,0,
8,75,0,0,
10,200,0,0,
12,75,1,0,
20,0,0,0,
7,5,1,0,0,
5
0,0,1,0,
14,1,2,-2,
16,-1,2,-2,
18,-10,2,2,
20,0,0,0,
7,11,1,0,0,
5
0,0,1,0,
14,0,2,-2,
16,0,2,-2,
18,-130,2,2,
20,0,0,0,
7,12,1,0,0,
3
0,0,1,0,
14,1000,1,0,
20,0,1,0,
8,11,1,0,0,
5
0,0,1,0,
14,0,2,-2,
16,40,2,-2,
18,110,2,2,
20,0,0,0,
9,9,1,0,0,
3
0,0,0,0,
14,1000,0,0,
15,1700,0,0,
9,12,1,0,0,
3
0,0,0,0,
14,1000,0,0,
16,0,0,0,
10,2,1,0,0,
2
0,0,1,0,
14,10,1,0,
10,8,1,0,0,
3
0,0,0,0,
14,1000,2,-2,
19,1600,0,0,
10,12,1,0,0,
4
0,0,0,0,
14,1000,0,0,
16,1000,0,0,
20,0,0,0,
