[maanim]
1
24
1,12,-1,
5
0,0,0,0,
8,0,0,0,
9,1000,0,0,
16,0,0,0,
40,0,0,0,
1,4,-1,
4
0,0,0,0,
9,0,0,0,
16,20,0,0,
40,0,0,0,
2,12,-1,
5
0,0,0,0,
17,0,0,0,
18,1000,0,0,
24,0,0,0,
40,0,0,0,
2,5,-1,
4
0,0,0,0,
18,0,0,0,
24,-15,0,0,
40,0,0,0,
2,11,-1,
4
0,0,0,0,
18,0,0,0,
24,-120,0,0,
40,0,0,0,
2,8,-1,
4
0,0,0,0,
18,1000,0,0,
24,1200,0,0,
40,1200,0,0,
4,12,-1,
1
0,0,0,0,
5,12,-1,
1
0,0,0,0,
6,4,-1,
9
0,0,0,0,
3,-10,0,0,
7,-10,0,0,
10,10,0,0,
15,10,0,0,
20,10,0,0,
32,10,0,0,
36,0,0,0,
40,0,0,0,
6,11,-1,
8
0,0,0,0,
3,-30,0,0,
10,60,0,0,
15,60,0,0,
20,-60,0,0,
22,-60,0,0,
36,0,0,0,
40,0,0,0,
7,5,-1,
8
0,0,0,0,
3,-3,0,0,
9,3,0,0,
15,3,0,0,
20,-3,0,0,
22,-3,0,0,
36,0,0,0,
40,0,0,0,
7,4,-1,
9
0,0,0,0,
3,-3,0,0,
8,-3,0,0,
9,5,0,0,
15,5,0,0,
18,8,0,0,
22,8,0,0,
36,0,0,0,
40,0,0,0,
7,11,-1,
8
0,0,0,0,
3,60,0,0,
10,30,0,0,
15,30,0,0,
20,-120,0,0,
22,-120,0,0,
36,0,0,0,
40,0,0,0,
8,11,-1,
8
0,0,0,0,
3,60,0,0,
10,150,0,0,
15,150,0,0,
18,-180,0,0,
22,-180,0,0,
36,0,0,0,
40,0,0,0,
8,4,-1,
9
0,0,0,0,
3,-6,0,0,
8,-6,0,0,
10,5,0,0,
15,5,0,0,
18,0,0,0,
22,0,0,0,
36,0,0,0,
40,0,0,0,
9,11,-1,左脚
8
0,-120,0,0,
3,60,0,0,
10,-120,0,0,
15,-120,0,0,
18,5,0,0,
30,5,0,0,
36,-120,0,0,
40,-120,0,0,
10,11,-1,
8
0,0,0,0,
3,60,0,0,
10,-60,0,0,
15,-60,0,0,
20,60,0,0,
22,60,0,0,
36,0,0,0,
40,0,0,0,
11,11,-1,右脚
8
0,60,0,0,
3,60,0,0,
10,-86,0,0,
15,-86,0,0,
20,150,0,0,
28,150,0,0,
36,60,0,0,
40,60,0,0,
11,5,-1,
6
0,0,0,0,
27,0,0,0,
30,-12,0,0,
34,0,0,0,
36,0,0,0,
40,0,0,0,
12,11,-1,
8
0,0,0,0,
3,-60,0,0,
10,-60,0,0,
15,-60,0,0,
18,60,0,0,
28,60,0,0,
36,0,0,0,
40,0,0,0,
13,11,-1,手1
8
0,0,0,0,
3,150,0,0,
10,-150,0,0,
15,-150,0,0,
20,150,0,0,
22,180,0,0,
36,0,0,0,
40,0,0,0,
14,11,-1,2
8
0,0,0,0,
3,-150,0,0,
10,150,0,0,
15,150,0,0,
20,-150,0,0,
22,-180,0,0,
36,0,0,0,
40,0,0,0,
15,11,-1,
8
0,0,0,0,
3,-150,0,0,
10,60,0,0,
15,90,0,0,
20,150,0,0,
22,150,0,0,
36,0,0,0,
40,0,0,0,
16,11,-1,
8
0,0,0,0,
3,-60,0,0,
10,30,0,0,
15,60,0,0,
20,60,0,0,
22,60,0,0,
36,0,0,0,
40,0,0,0,
