[maanim]
1
28
1,12,-1,
1
0,0,0,0,
2,12,-1,
2
0,0,0,0,
0,0,0,0,
4,12,-1,
7
0,0,0,0,
4,0,0,0,
5,0,0,0,
10,1000,0,0,
18,1000,0,0,
26,0,0,0,
55,0,0,0,
4,8,-1,
6
0,0,0,0,
5,1000,0,0,
10,1200,0,0,
15,1300,0,0,
20,1500,0,0,
55,0,0,0,
4,4,-1,
4
0,0,0,0,
5,0,0,0,
20,-15,0,0,
55,0,0,0,
5,12,-1,
6
0,400,0,0,
3,0,0,0,
39,0,0,0,
40,1000,0,0,
50,1000,0,0,
55,400,0,0,
5,8,-1,
6
0,1200,0,0,
3,1300,0,0,
39,0,0,0,
40,0,0,0,
50,1000,0,0,
55,1200,0,0,
5,4,-1,
6
0,-15,0,0,
3,-20,0,0,
39,0,0,0,
40,0,0,0,
50,-10,0,0,
55,-15,0,0,
6,4,-1,
5
0,0,0,0,
5,3,0,0,
22,0,0,0,
40,3,0,0,
55,0,0,0,
7,11,-1,
5
0,0,0,0,
10,15,0,0,
22,0,0,0,
40,15,0,0,
55,0,0,0,
7,5,-1,
5
0,0,0,0,
10,1,0,0,
22,0,0,0,
40,1,0,0,
55,0,0,0,
8,11,-1,
5
0,0,0,0,
10,15,0,0,
22,0,0,0,
40,15,0,0,
55,0,0,0,
8,5,-1,
5
0,0,0,0,
10,1,0,0,
22,0,0,0,
40,1,0,0,
55,0,0,0,
6,5,-1,
13
0,0,0,0,
4,0,0,0,
6,-2,0,0,
8,0,0,0,
10,-2,0,0,
12,0,0,0,
40,0,0,0,
42,-2,0,0,
44,0,0,0,
46,-2,0,0,
48,0,0,0,
50,0,0,0,
55,0,0,0,
9,11,-1,左腿
5
0,-120,0,0,
20,-60,0,0,
40,0,0,0,
45,60,0,0,
55,-120,0,0,
9,5,-1,
5
0,-5,0,0,
5,0,0,0,
40,0,0,0,
45,-3,0,0,
55,-5,0,0,
9,4,-1,
5
0,5,0,0,
20,10,0,0,
40,0,0,0,
45,0,0,0,
55,5,0,0,
10,11,-1,
6
0,-120,0,0,
20,-100,0,0,
40,0,0,0,
45,0,0,0,
54,-150,0,0,
55,-120,0,0,
10,5,-1,
5
0,-3,0,0,
5,3,0,0,
40,3,0,0,
45,3,0,0,
55,-3,0,0,
11,11,-1,右腿
6
0,60,0,0,
5,60,0,0,
25,60,0,0,
30,-60,0,0,
45,0,0,0,
55,60,0,0,
11,5,-1,
7
0,0,0,0,
20,0,0,0,
30,-5,0,0,
35,-8,0,0,
40,0,0,0,
50,0,0,0,
55,-2,0,0,
12,5,-1,
7
0,-2,0,0,
20,0,0,0,
30,-3,0,0,
35,-5,0,0,
40,2,0,0,
50,2,0,0,
55,-2,0,0,
11,4,-1,
5
0,0,0,0,
30,5,0,0,
35,8,0,0,
40,8,0,0,
55,0,0,0,
12,11,-1,
6
0,30,0,0,
10,0,0,0,
15,-30,0,0,
35,-60,0,0,
45,0,0,0,
55,30,0,0,
13,11,-1,
3
0,0,0,0,
22,90,0,0,
55,0,0,0,
14,11,-1,
3
0,0,0,0,
22,-60,0,0,
55,0,0,0,
15,11,-1,
3
0,-90,0,0,
22,90,0,0,
55,-90,0,0,
16,11,-1,
3
0,-90,0,0,
22,90,0,0,
55,-90,0,0,
