[maanim]
1
33
2,4,1,0,0,
1
0,-8,0,0,
2,5,1,0,0,
1
0,-6,0,0,
2,11,1,0,0,
3
0,100,2,-1,
2,120,2,1,
5,80,0,0,
2,12,1,0,0,backswingcontrol
3
0,1000,1,0,
6,0,1,0,
15,0,1,0,
3,4,1,0,0,
3
0,0,2,-1,
2,-1,2,1,
5,0,0,0,
3,5,1,0,0,
3
0,0,2,-1,
2,-2,2,1,
5,0,0,0,
3,11,1,0,0,
3
0,0,2,-1,
2,20,2,1,
5,0,0,0,
4,4,1,0,0,
3
0,3,1,0,
2,2,0,0,
5,3,0,0,
4,5,1,0,0,
3
0,7,1,0,
2,8,0,0,
5,7,0,0,
4,11,1,0,0,
3
0,-265,0,0,
2,-320,0,0,
5,-250,0,0,
5,11,1,0,0,
3
0,60,0,0,
2,-20,0,0,
5,110,0,0,
6,4,1,0,0,
3
0,3,1,0,
2,2,0,0,
5,3,0,0,
6,5,1,0,0,
3
0,5,1,0,
2,6,0,0,
5,5,0,0,
6,11,1,0,0,
3
0,-265,0,0,
2,-320,0,0,
5,-250,0,0,
7,11,1,0,0,
3
0,60,0,0,
2,-20,0,0,
5,110,0,0,
8,4,1,0,0,
3
0,-6,2,-1,
2,-7,2,1,
5,-5,0,0,
8,5,1,0,0,
1
0,7,0,0,
8,11,1,0,0,
3
0,-300,2,-1,
2,-345,2,1,
5,-240,0,0,
9,2,1,0,0,
1
0,11,1,0,
9,5,1,0,0,
1
0,-3,1,0,
9,11,1,0,0,
1
0,200,1,0,
10,4,1,0,0,
3
0,-9,2,-1,
2,-10,2,1,
5,-8,0,0,
10,5,1,0,0,
1
0,3,0,0,
10,11,1,0,0,
3
0,-300,2,-1,
2,-345,2,1,
5,-240,0,0,
11,2,1,0,0,
1
0,11,0,0,
11,5,1,0,0,
1
0,-3,0,0,
11,11,1,0,0,
1
0,200,0,0,
12,2,1,0,0,
2
0,0,1,0,
6,10,1,0,
12,5,1,0,0,
3
0,0,0,0,
6,0,2,-2,
10,-2,0,0,
12,11,1,0,0,
3
0,0,0,0,
6,0,2,-2,
10,-60,0,0,
13,2,1,0,0,
2
0,0,1,0,
6,12,1,0,
13,8,1,0,0,
3
0,0,0,0,
6,1000,0,0,
7,1100,0,0,
13,12,1,0,0,
3
0,0,0,0,
6,1000,0,0,
8,0,0,0,
