[maanim]
1
26
2,4,1,0,0,
1
0,-18,0,0,
2,5,1,0,0,
1
0,-3,0,0,
2,11,1,0,0,
1
0,-30,0,0,
3,4,1,0,0,
1
0,-1,0,0,
3,5,1,0,0,
1
0,-2,0,0,
3,11,1,0,0,
1
0,20,0,0,
4,4,1,0,0,
1
0,2,0,0,
4,5,1,0,0,
1
0,8,0,0,
4,11,1,0,0,
1
0,-320,0,0,
5,11,1,0,0,
1
0,-20,0,0,
6,4,1,0,0,
1
0,2,0,0,
6,5,1,0,0,
1
0,6,0,0,
6,11,1,0,0,
1
0,-320,0,0,
7,11,1,0,0,
1
0,-20,0,0,
8,4,1,0,0,
1
0,-7,0,0,
8,5,1,0,0,
1
0,7,0,0,
8,11,1,0,0,
1
0,-345,0,0,
9,2,1,0,0,
1
0,11,1,0,
9,5,1,0,0,
1
0,-3,1,0,
9,11,1,0,0,
1
0,200,1,0,
10,4,1,0,0,
1
0,-10,0,0,
10,5,1,0,0,
1
0,3,0,0,
10,11,1,0,0,
1
0,-345,0,0,
11,2,1,0,0,
1
0,11,0,0,
11,5,1,0,0,
1
0,-3,0,0,
11,11,1,0,0,
1
0,200,0,0,
