[mamodel]
3
14
-1,-1,0,0,0,0,0,0,1790,1790,0,1000,0,default
0,0,3,0,-50,-2,41,2,1000,1000,0,1000,0,default
1,0,2,3,-34,-29,10,51,1000,1000,0,1000,0,default
2,0,1,4,44,-13,7,28,1000,1000,0,1000,0,default
2,0,4,6,-3,3,12,16,1000,1000,0,1000,0,default
4,0,5,5,2,16,6,1,1000,1000,0,1000,0,default
2,0,4,2,7,4,12,16,1000,1000,0,1000,0,default
6,0,5,1,2,15,6,1,1000,1000,0,1000,0,default
2,0,6,6,28,-11,15,4,1000,1000,0,1000,0,default
8,0,7,5,2,22,11,2,1000,1000,0,1000,0,default
2,0,6,0,52,-11,15,4,1000,1000,0,1000,0,default
10,0,7,0,2,22,11,2,1000,1000,0,1000,0,default
1,0,0,1,-7,-28,30,96,1000,1000,0,1000,0,default
12,0,0,2,37,-87,27,12,1000,1000,0,1000,0,default
1000,3600,1000
1
0,0,0,0,0,0,default
