[maanim]
1
11
0,7,-1,
12
0,0,1,0,
8,1,1,0,
10,0,1,0,
16,0,1,0,
18,0,1,0,
24,0,1,0,
26,0,1,0,
32,1,1,0,
34,0,1,0,
40,0,1,0,
42,0,1,0,
48,0,1,0,
2,5,-1,
3
0,0,1,0,
32,2,1,0,
48,0,0,0,
2,11,-1,
8
0,0,2,-2,
6,10,2,1,
12,-5,0,0,
14,0,0,0,
24,0,2,-2,
30,10,2,1,
36,-5,0,0,
48,0,0,0,
3,2,-1,
3
0,2,1,0,
2,3,1,0,
3,0,1,0,
3,4,-1,
3
0,0,1,0,
2,2,1,0,
3,0,1,0,
3,5,-1,
3
0,0,1,0,
2,1,1,0,
3,0,0,0,
4,2,-1,
7
0,4,1,0,
8,5,1,0,
16,6,1,0,
24,7,1,0,
32,8,1,0,
40,9,0,0,
48,10,0,0,
4,4,-1,
7
0,-10,1,0,
8,-2,1,0,
16,4,1,0,
24,-38,1,0,
32,-25,1,0,
40,12,1,0,
48,12,0,0,
4,5,-1,
7
0,0,1,0,
8,2,1,0,
16,5,1,0,
24,5,1,0,
32,-10,1,0,
40,0,1,0,
48,0,0,0,
5,12,-1,
1
0,0,0,0,
6,12,-1,
1
0,0,0,0,
