[maanim]
1
49
1,12,-1,
1
0,0,0,0,
4,12,-1,
1
0,0,0,0,
57,5,-1,
3
0,-8,0,0,
5,2,0,0,
10,-8,0,0,
57,4,-1,
3
0,-5,0,0,
10,5,0,0,
20,-5,0,0,
95,4,-1,
3
0,-5,0,0,
10,5,0,0,
20,-5,0,0,
57,11,-1,
3
0,0,0,0,
5,-15,0,0,
10,0,0,0,
58,11,-1,
3
0,-60,0,0,
5,60,0,0,
10,-60,0,0,
59,11,-1,
3
0,-60,0,0,
5,120,0,0,
10,-60,0,0,
60,5,-1,
3
0,0,0,0,
5,1,0,0,
10,0,0,0,
61,4,-1,
3
0,0,0,0,
5,-3,0,0,
10,0,0,0,
62,11,-1,
3
0,0,0,0,
5,-150,0,0,
10,0,0,0,
64,11,-1,
3
0,-300,0,0,
5,300,0,0,
10,-300,0,0,
65,11,-1,
3
0,300,0,0,
5,-300,0,0,
10,300,0,0,
66,11,-1,
3
0,0,0,0,
5,30,0,0,
10,0,0,0,
66,5,-1,
3
0,0,0,0,
5,2,0,0,
10,0,0,0,
67,11,-1,
3
0,0,0,0,
5,30,0,0,
10,0,0,0,
67,8,-1,
3
0,1000,0,0,
10,950,0,0,
20,1000,0,0,
68,11,-1,
3
0,0,0,0,
5,30,0,0,
10,0,0,0,
69,11,-1,
3
0,30,0,0,
5,-90,0,0,
10,30,0,0,
70,11,-1,
3
0,0,0,0,
5,90,0,0,
10,0,0,0,
71,11,-1,
3
0,0,0,0,
5,60,0,0,
10,0,0,0,
72,11,-1,
3
0,0,0,0,
5,60,0,0,
10,0,0,0,
73,11,-1,
3
0,60,0,0,
5,-60,0,0,
10,60,0,0,
75,11,-1,
3
0,-300,0,0,
5,150,0,0,
10,-300,0,0,
76,11,-1,
3
0,300,0,0,
5,-150,0,0,
10,300,0,0,
77,11,-1,
3
0,-300,0,0,
5,150,0,0,
10,-300,0,0,
78,5,-1,
3
0,0,0,0,
5,-3,0,0,
10,0,0,0,
79,5,-1,
3
0,0,0,0,
5,-3,0,0,
10,0,0,0,
80,5,-1,
3
0,0,0,0,
5,0,0,0,
10,0,0,0,
81,5,-1,
3
0,0,0,0,
5,0,0,0,
10,0,0,0,
82,5,-1,
3
0,-1,0,0,
5,0,0,0,
10,-1,0,0,
83,11,-1,
3
0,0,0,0,
5,-150,0,0,
10,0,0,0,
85,11,-1,
3
0,-300,0,0,
5,150,0,0,
10,-300,0,0,
86,11,-1,
3
0,0,0,0,
5,150,0,0,
10,0,0,0,
87,11,-1,
3
0,-300,0,0,
5,300,0,0,
10,-300,0,0,
88,11,-1,
3
0,0,0,0,
5,150,0,0,
10,0,0,0,
89,11,-1,
5
0,0,0,0,
5,161,0,0,
10,468,0,0,
13,525,0,0,
20,0,0,0,
89,5,-1,
5
0,-5,0,0,
5,0,0,0,
10,0,0,0,
15,0,0,0,
20,-5,0,0,
90,11,-1,
5
0,0,0,0,
5,0,0,0,
10,0,0,0,
15,0,0,0,
20,0,0,0,
91,11,-1,
5
0,-162,0,0,
5,0,0,0,
10,0,0,0,
14,917,0,0,
20,-160,0,0,
91,4,-1,
6
0,-5,0,0,
5,-5,0,0,
10,-8,0,0,
12,-1,0,0,
15,-5,0,0,
20,-5,0,0,
91,5,-1,
6
0,5,0,0,
5,5,0,0,
10,5,0,0,
12,0,0,0,
15,5,0,0,
20,5,0,0,
92,11,-1,
5
0,0,0,0,
5,-260,0,0,
10,-548,0,0,
13,-657,0,0,
20,0,0,0,
92,5,-1,
5
0,0,0,0,
5,-10,0,0,
10,-10,0,0,
15,-10,0,0,
20,0,0,0,
93,11,-1,
5
0,-29,0,0,
5,-87,0,0,
10,1,0,0,
15,0,0,0,
20,-29,0,0,
94,11,-1,
5
0,106,0,0,
5,0,0,0,
10,-733,0,0,
15,-990,0,0,
20,106,0,0,
94,5,-1,
5
0,0,0,0,
5,0,0,0,
10,9,0,0,
15,0,0,0,
20,0,0,0,
94,4,-1,
5
0,0,0,0,
5,0,0,0,
10,-9,0,0,
15,0,0,0,
20,0,0,0,
5,12,-1,
1
0,0,0,0,
