[maanim]
1
34
2,2,1,
1
0,3,1,0,
2,4,1,
4
0,0,1,0,
6,-10,2,-2,
12,-12,1,0,
16,0,0,0,
2,5,1,backswingcontrol
7
0,3,2,-2,
4,6,1,0,
6,-69,2,-2,
12,-72,2,2,
16,6,2,-2,
18,3,0,0,
23,3,0,0,
2,11,1,
4
0,10,1,0,
6,1111,2,-1,
15,611,1,0,
16,0,0,0,
3,2,1,
1
0,4,1,0,
3,4,1,
1
0,5,1,0,
3,6,1,
1
0,-24,1,0,
4,2,1,
1
0,8,1,0,
4,4,1,
1
0,3,1,0,
4,6,1,
1
0,-28,1,0,
6,2,1,
1
0,11,1,0,
6,4,1,
1
0,24,0,0,
6,5,1,
4
0,4,2,-2,
4,3,0,0,
16,3,2,-2,
18,4,0,0,
6,6,1,
1
0,-3,1,0,
6,7,1,
1
0,-2,1,0,
6,9,1,
1
0,750,1,0,
6,10,1,
1
0,1400,1,0,
6,11,1,
4
0,-530,2,-2,
4,-650,0,0,
16,-650,2,-2,
18,-530,0,0,
7,4,1,
2
0,0,1,0,
3,-1,1,0,
8,2,1,
1
0,14,1,0,
8,6,1,
1
0,2,1,0,
8,3,1,
1
0,1,1,0,
8,4,1,
4
0,-29,2,1,
3,-28,0,0,
16,-28,2,1,
18,-29,0,0,
8,5,1,
4
0,4,2,-2,
3,3,0,0,
16,3,2,-2,
18,4,0,0,
8,11,1,
4
0,-500,2,-1,
3,-750,0,0,
16,-750,2,-1,
18,-500,0,0,
8,13,1,
1
0,1,1,0,
9,3,1,
2
0,3,1,0,
2,5,1,0,
9,4,1,
2
0,24,2,2,
3,25,1,0,
9,5,1,
2
0,-6,2,-1,
3,-8,1,0,
9,11,1,
4
0,-450,2,-1,
3,-810,1,0,
16,-810,2,-1,
18,-450,0,0,
10,12,1,
1
0,0,0,0,
11,12,1,
1
0,0,0,0,
12,53,1,
3
0,0,1,0,
6,1000,0,0,
7,1150,0,0,
12,12,1,
3
0,0,1,0,
6,1000,0,0,
8,0,0,0,
