[maanim]
1
38
2,2,-1,
4
0,1,1,0,
16,3,1,0,
36,1,1,0,
44,1,1,0,
2,5,-1,
5
0,0,2,1,
12,2,2,-1,
24,4,2,2,
36,3,2,-1,
44,0,0,0,
2,11,-1,
8
0,0,2,1,
15,45,0,0,
16,5,2,-1,
26,50,2,1,
35,5,0,0,
36,45,2,-1,
40,0,0,0,
44,0,0,0,
3,4,-1,
7
0,0,2,1,
15,12,1,0,
16,5,2,-1,
26,11,2,1,
35,5,0,0,
36,12,0,0,
44,0,0,0,
3,9,-1,
7
0,1000,2,1,
15,700,0,0,
16,1000,2,-1,
26,600,2,1,
35,1000,0,0,
36,700,0,0,
44,1000,0,0,
3,6,-1,
4
0,0,1,0,
16,-24,1,0,
36,0,1,0,
44,0,1,0,
3,2,-1,
4
0,2,1,0,
16,4,1,0,
36,2,1,0,
44,2,1,0,
4,2,-1,
6
0,6,1,0,
12,7,1,0,
16,8,1,0,
36,7,1,0,
40,6,1,0,
44,6,1,0,
4,4,-1,
11
0,0,2,1,
11,1,1,0,
12,-1,2,1,
15,2,0,0,
16,3,2,-1,
26,6,2,1,
35,3,0,0,
36,2,0,0,
39,-1,0,0,
40,1,0,0,
44,0,0,0,
4,5,-1,
8
0,0,2,1,
11,-2,0,0,
12,1,0,0,
15,0,0,0,
36,0,0,0,
39,1,0,0,
40,-2,0,0,
44,0,0,0,
4,6,-1,
6
0,0,1,0,
12,-20,1,0,
16,-28,1,0,
36,-20,1,0,
40,0,1,0,
44,0,1,0,
4,9,-1,
11
0,1000,2,1,
11,700,0,0,
12,1000,0,0,
15,777,0,0,
16,1000,2,-1,
26,500,2,1,
35,1000,0,0,
36,777,0,0,
39,1000,0,0,
40,700,0,0,
44,1000,0,0,
4,11,-1,
11
0,0,2,1,
11,-150,0,0,
12,-50,0,0,
15,-100,0,0,
16,0,2,-1,
26,80,2,1,
35,0,0,0,
36,-100,0,0,
39,-50,0,0,
40,-150,0,0,
44,0,0,0,
6,2,-1,
5
0,5,1,0,
8,9,1,0,
12,11,1,0,
40,9,1,0,
44,5,1,0,
6,4,-1,
8
0,0,0,0,
8,3,0,0,
11,6,0,0,
12,12,2,-2,
25,24,2,2,
39,12,0,0,
40,6,0,0,
44,2,0,0,
6,5,-1,
10
0,0,1,0,
8,1,1,0,
11,2,0,0,
12,6,2,-2,
20,5,0,0,
25,4,0,0,
30,5,2,2,
39,6,0,0,
40,2,0,0,
44,0,0,0,
6,6,-1,
5
0,0,1,0,
8,2,1,0,
12,-3,1,0,
40,2,1,0,
44,0,1,0,
6,7,-1,
5
0,0,1,0,
8,1,1,0,
12,-2,1,0,
40,1,1,0,
44,0,1,0,
6,11,-1,
11
0,0,0,0,
7,-150,0,0,
8,0,0,0,
11,-170,0,0,
12,-45,2,-1,
20,-260,0,0,
25,-320,0,0,
30,-260,2,2,
39,0,0,0,
40,-160,0,0,
44,0,0,0,
7,4,-1,
5
0,0,0,0,
16,0,1,0,
26,1,1,0,
35,0,0,0,
44,0,0,0,
7,12,-1,
4
0,0,1,0,
16,1000,1,0,
36,0,0,0,
44,0,0,0,
8,2,-1,
4
0,13,1,0,
8,14,1,0,
40,13,1,0,
44,13,1,0,
8,6,-1,
4
0,0,1,0,
8,2,1,0,
40,0,1,0,
44,0,1,0,
8,13,-1,
4
0,0,1,0,
8,1,1,0,
40,0,1,0,
44,0,1,0,
8,3,-1,
4
0,3,1,0,
12,1,1,0,
40,3,1,0,
44,3,1,0,
8,4,-1,
8
0,0,2,1,
7,-3,0,0,
8,-4,2,1,
12,-8,2,-2,
24,-29,2,2,
36,-12,2,-1,
40,-4,0,0,
44,0,0,0,
8,5,-1,
6
0,0,2,1,
7,1,0,0,
8,6,2,-2,
24,5,2,2,
36,1,2,-1,
44,0,0,0,
8,11,-1,
8
0,0,2,1,
7,45,0,0,
8,-100,2,-2,
24,-500,2,2,
36,200,2,-1,
39,77,0,0,
40,-100,2,1,
44,0,0,0,
9,4,-1,
5
0,0,2,2,
13,12,2,-2,
26,24,2,2,
37,12,2,-2,
44,0,0,0,
9,5,-1,
5
0,0,2,2,
13,-3,2,-2,
26,-6,2,2,
37,-3,2,-2,
44,0,0,0,
9,11,-1,
5
0,0,2,2,
13,-150,2,-2,
26,-450,2,2,
37,-150,2,-2,
44,0,0,0,
10,9,-1,
5
0,1000,2,2,
13,300,2,-2,
26,0,2,2,
37,300,2,-2,
44,1000,0,0,
10,11,-1,
5
0,0,2,2,
13,200,2,-2,
26,300,2,2,
37,200,2,-2,
44,0,0,0,
11,4,-1,
5
0,0,2,2,
13,-8,2,-2,
26,-20,2,2,
37,-8,2,-2,
44,0,0,0,
11,5,-1,
5
0,0,2,2,
13,-2,2,-2,
26,-4,2,2,
37,-2,2,-2,
44,0,0,0,
11,11,-1,
5
0,0,2,2,
13,120,2,-2,
26,450,2,2,
37,120,2,-2,
44,0,0,0,
12,12,-1,
1
0,0,0,0,
13,2,-1,
4
0,0,1,0,
12,20,1,0,
15,0,1,0,
44,0,1,0,
