[maanim]
1
32
12,12,-1,
1
0,0,0,0,
2,2,-1,
1
0,3,1,0,
2,5,-1,
3
0,3,0,0,
10,6,0,0,
20,3,0,0,
2,11,-1,
1
0,5,1,0,
3,2,-1,
1
0,4,1,0,
3,4,-1,
1
0,5,1,0,
3,6,-1,
1
0,-24,1,0,
4,2,-1,
1
0,8,1,0,
4,4,-1,
1
0,3,1,0,
4,6,-1,
1
0,-28,1,0,
6,2,-1,
1
0,11,1,0,
6,4,-1,
1
0,24,0,0,
6,5,-1,
3
0,4,0,0,
10,3,0,0,
20,4,0,0,
6,6,-1,
1
0,-3,1,0,
6,7,-1,
1
0,-2,1,0,
6,9,-1,
1
0,750,1,0,
6,10,-1,
1
0,1400,1,0,
6,11,-1,
3
0,-530,0,0,
10,-650,0,0,
20,-530,0,0,
7,4,-1,
3
0,0,1,0,
10,-1,1,0,
20,0,1,0,
8,2,-1,
1
0,14,1,0,
8,6,-1,
1
0,2,1,0,
8,3,-1,
1
0,1,1,0,
8,4,-1,
3
0,-29,0,0,
10,-28,0,0,
20,-29,0,0,
8,5,-1,
3
0,4,0,0,
10,3,0,0,
20,4,0,0,
8,11,-1,
3
0,-500,0,0,
10,-750,0,0,
20,-500,0,0,
8,13,-1,
1
0,1,1,0,
9,3,-1,
1
0,3,1,0,
9,4,-1,
3
0,24,0,0,
10,25,0,0,
20,24,0,0,
9,5,-1,
3
0,-6,0,0,
10,-7,0,0,
20,-6,0,0,
9,11,-1,
3
0,-450,0,0,
10,-600,0,0,
20,-450,0,0,
10,12,-1,
1
0,0,0,0,
11,12,-1,
1
0,0,0,0,
