[maanim]
1
25
1,12,1,
3
0,1000,1,0,
2,0,0,0,
11,0,0,0,
1,2,1,
3
0,11,1,0,
5,5,1,0,
10,6,1,0,
1,4,1,
3
0,15,1,0,
5,40,1,0,
10,27,1,0,
1,5,1,
3
0,50,1,0,
5,2,1,0,
10,5,1,0,
2,2,1,
3
0,10,1,0,
5,0,1,0,
10,10,1,0,
2,4,1,
3
0,-8,1,0,
5,-7,1,0,
10,15,1,0,
2,5,1,
3
0,-49,1,0,
5,5,1,0,
10,0,1,0,
2,9,1,
1
0,950,0,0,
4,12,1,
4
0,0,1,0,
2,1000,1,0,
6,0,1,0,
11,0,1,0,
4,5,1,
1
0,52,0,0,
4,4,1,
3
0,0,1,0,
2,15,1,0,
11,32,1,0,
5,5,1,
1
0,-50,0,0,
6,11,1,
4
0,0,0,0,
2,20,0,0,
6,-60,0,0,
11,0,0,0,
6,5,1,
1
0,8,0,0,
8,12,1,
3
0,0,1,0,
6,1000,1,0,
11,1000,1,0,
11,11,1,
4
0,60,0,0,
6,60,0,0,
9,30,0,0,
11,0,0,0,
12,2,1,
3
0,22,1,0,
8,23,1,0,
11,23,1,0,
12,4,1,
4
0,0,1,0,
6,0,1,0,
8,20,1,0,
11,20,1,0,
12,5,1,
3
0,0,1,0,
6,-10,1,0,
11,-5,1,0,
12,11,1,
4
0,0,0,0,
6,0,0,0,
8,-90,0,0,
11,-90,0,0,
13,12,1,
4
0,0,1,0,
6,1000,1,0,
7,0,1,0,
11,0,1,0,
7,2,1,
3
0,15,1,0,
4,16,1,0,
11,16,0,0,
7,4,1,右足先
3
0,-10,1,0,
4,-10,1,0,
11,-10,0,0,
7,5,1,
3
0,25,1,0,
4,20,1,0,
11,0,0,0,
14,12,1,
1
0,0,0,0,
