[mamodel]
3
16
-1,-1,0,0,0,0,0,-230,800,800,0,1000,0,
0,3,2,4,0,0,0,0,1000,1000,0,1000,0,足
1,3,0,5,25,-16,0,0,1000,1000,0,1000,0,顔
0,3,3,1,20,277,0,0,1000,1000,0,1000,0,かげ
0,3,12,5,159,-77,0,0,1000,1000,0,1000,0,攻撃左足
4,3,13,6,17,335,0,0,1000,1000,0,1000,0,左足先
4,3,14,7,14,103,65,170,1000,1000,0,1000,0,右もも
6,3,15,8,10,-165,30,135,1000,1000,0,1000,0,右足先
0,3,18,13,127,38,0,0,1000,1000,-64,1000,0,攻撃2左足
8,3,19,14,29,101,0,0,1000,1000,106,1000,0,左足先
8,3,17,12,-53,12,0,0,1000,1000,-902,1000,0,攻撃2顔
8,3,21,10,10,48,112,45,1000,1000,53,1000,0,右もも2
11,3,22,9,-90,65,80,10,1000,1000,300,1000,0,右足先
11,3,20,14,-72,-8,130,0,2000,1800,873,1000,0,アニメ効果
10,0,24,13,58,20,0,0,1000,1000,740,1000,0,アニメ効果
10,0,25,0,-3,45,7,5,6180,4180,1085,1000,0,アニメ効果
1000,3600,1000
2
0,0,0,0,0,0,default
0,0,0,0,0,0,exhibit