[maanim]
1
45
2,4,1,0,0,
5
0,0,2,-2,
10,17,1,0,
22,17,2,-2,
26,0,0,0,
29,0,0,0,
2,9,1,0,0,
4
0,1000,2,-2,
10,700,1,0,
22,700,2,-2,
26,1000,0,0,
3,4,1,0,0,
4
0,0,2,-2,
10,20,1,0,
22,20,2,-2,
26,0,0,0,
3,5,1,0,0,
7
0,0,2,-2,
5,-6,2,2,
10,0,0,0,
22,0,2,-2,
24,-4,2,2,
26,1,1,0,
28,0,1,0,
4,2,1,0,0,
9
0,7,1,0,
2,8,1,0,
4,9,1,0,
6,10,1,0,
8,11,1,0,
10,6,1,0,
22,17,1,0,
26,18,1,0,
28,6,1,0,
4,6,1,0,0,
9
0,4,1,0,
2,2,1,0,
4,-2,1,0,
6,0,1,0,
8,3,1,0,
10,0,1,0,
22,-3,1,0,
26,0,1,0,
28,0,1,0,
6,2,1,0,0,
8
0,3,1,0,
10,14,1,0,
12,13,1,0,
14,14,1,0,
16,13,1,0,
18,14,1,0,
20,13,1,0,
22,3,1,0,
6,3,1,0,0,
3
0,13,1,0,
10,15,1,0,
22,13,1,0,
6,4,1,0,0,
3
0,0,1,0,
10,-2,1,0,
22,0,1,0,
6,7,1,0,0,
8
0,0,1,0,
10,-5,1,0,
12,6,1,0,
14,-5,1,0,
16,6,1,0,
18,-5,1,0,
20,6,1,0,
22,0,1,0,
6,11,1,0,0,
3
0,0,2,-2,
5,50,2,2,
10,0,0,0,
7,11,1,0,0,
3
0,0,2,-2,
5,-100,2,2,
10,0,0,0,
7,12,1,0,0,
3
0,1000,1,0,
10,0,1,0,
22,1000,1,0,
8,4,1,0,0,
4
0,0,2,-2,
10,14,1,0,
22,14,2,-2,
26,0,0,0,
8,5,1,0,0,
7
0,0,2,-2,
5,-3,2,2,
10,0,1,0,
22,-3,2,-2,
24,-7,2,2,
26,1,1,0,
28,0,1,0,
9,2,1,0,0,
9
0,9,1,0,
2,10,1,0,
4,11,1,0,
6,7,1,0,
8,8,1,0,
10,6,1,0,
22,19,1,0,
26,18,1,0,
28,6,1,0,
9,6,1,0,0,
9
0,-2,1,0,
2,0,1,0,
4,3,1,0,
6,4,1,0,
8,2,1,0,
10,0,1,0,
22,-4,1,0,
26,0,1,0,
28,0,1,0,
11,2,1,0,0,
8
0,3,1,0,
10,13,1,0,
12,14,1,0,
14,13,1,0,
16,14,1,0,
18,13,1,0,
20,14,1,0,
22,3,1,0,
11,3,1,0,0,
3
0,8,1,0,
10,10,1,0,
22,8,1,0,
11,4,1,0,0,
3
0,0,1,0,
10,-2,1,0,
22,0,1,0,
11,7,1,0,0,
8
0,0,1,0,
10,6,1,0,
12,-5,1,0,
14,6,1,0,
16,-5,1,0,
18,6,1,0,
20,-5,1,0,
22,0,1,0,
11,11,1,0,0,
3
0,0,2,-2,
5,50,2,2,
10,0,0,0,
12,11,1,0,0,
3
0,0,2,-2,
5,-100,2,2,
10,0,0,0,
12,12,1,0,0,
3
0,1000,1,0,
10,0,1,0,
22,1000,1,0,
14,4,1,0,0,
4
0,0,2,-2,
10,14,1,0,
22,14,2,-2,
26,0,0,0,
14,5,1,0,0,
7
0,0,2,-2,
5,-3,2,2,
10,0,1,0,
22,-4,2,-2,
24,-9,2,2,
26,1,1,0,
28,0,1,0,
15,2,1,0,0,
9
0,11,1,0,
2,7,1,0,
4,8,1,0,
6,9,1,0,
8,10,1,0,
10,6,1,0,
22,19,1,0,
26,24,1,0,
28,6,1,0,
15,6,1,0,0,
9
0,3,1,0,
2,4,1,0,
4,2,1,0,
6,-2,1,0,
8,0,1,0,
10,0,1,0,
22,-3,1,0,
26,-2,1,0,
28,0,1,0,
15,7,1,0,0,
4
0,0,1,0,
22,1,1,0,
26,2,1,0,
28,0,1,0,
15,11,1,0,0,
3
0,0,1,0,
22,150,1,0,
26,0,1,0,
17,2,1,0,0,
8
0,3,1,0,
10,13,1,0,
12,14,1,0,
14,13,1,0,
16,14,1,0,
18,13,1,0,
20,14,1,0,
22,3,1,0,
17,3,1,0,0,
3
0,3,1,0,
10,5,1,0,
22,3,1,0,
17,4,1,0,0,
3
0,0,1,0,
10,-2,1,0,
22,0,1,0,
17,7,1,0,0,
8
0,0,1,0,
10,6,1,0,
12,-5,1,0,
14,6,1,0,
16,-5,1,0,
18,6,1,0,
20,-5,1,0,
22,0,1,0,
17,11,1,0,0,
3
0,0,2,-2,
5,50,2,2,
10,0,0,0,
18,11,1,0,0,
3
0,0,2,-2,
5,-100,2,2,
10,0,0,0,
18,12,1,0,0,
3
0,1000,1,0,
10,0,1,0,
22,1000,1,0,
19,2,1,0,0,
9
0,0,1,0,
10,16,1,0,
12,15,1,0,
14,16,1,0,
16,15,1,0,
18,16,1,0,
20,15,1,0,
22,16,1,0,
24,0,1,0,
19,6,1,0,0,
8
0,0,1,0,
10,7,1,0,
12,0,1,0,
14,7,1,0,
16,0,1,0,
18,7,1,0,
20,0,1,0,
22,7,1,0,
20,2,1,0,0,
7
0,0,1,0,
10,22,1,0,
12,0,1,0,
14,22,1,0,
16,0,1,0,
18,22,1,0,
20,0,1,0,
21,2,1,0,0,
7
0,0,1,0,
12,23,1,0,
14,0,1,0,
16,23,1,0,
18,0,1,0,
20,23,1,0,
22,0,1,0,
22,2,1,0,0,
7
0,0,1,0,
12,25,1,0,
14,0,1,0,
16,25,1,0,
18,0,1,0,
20,25,1,0,
22,0,1,0,
23,2,1,0,0,
4
0,0,1,0,
22,20,1,0,
24,21,1,0,
26,0,1,0,
23,8,1,0,0,
3
0,0,0,0,
22,1000,2,-2,
26,1200,0,0,
23,12,1,0,0,
3
0,0,0,0,
22,1000,2,1,
26,0,0,0,
