[mamodel]
3
24
-1,-1,0,0,0,0,0,0,1790,1790,0,1000,0,default
0,0,0,0,-22,-1,22,2,1000,1000,0,1000,0,default
1,0,5,0,0,0,22,2,1000,1000,0,1000,0,default
1,0,1,11,-10,-10,4,6,1000,1000,0,1000,0,default
3,0,6,14,0,1,8,2,1000,1000,0,1000,0,default
3,0,2,15,-1,-11,7,8,1000,1000,0,1000,0,default
3,0,3,13,1,-4,2,13,1000,1000,0,1000,0,default
3,0,4,12,-1,-4,11,4,1000,1000,0,1000,0,default
1,0,1,6,11,-10,4,6,1000,1000,0,1000,0,copied
8,0,6,9,0,1,8,2,1000,1000,0,1000,0,copied
8,0,2,10,-1,-11,7,8,1000,1000,0,1000,0,copied
8,0,3,8,2,-5,2,13,1000,1000,0,1000,0,copied
8,0,4,7,-1,-5,11,4,1000,1000,-180,1000,0,copied
8,0,12,0,-1,-6,0,0,4000,3000,0,1000,0,copied
1,0,1,1,4,-13,4,6,1000,1000,0,1000,0,copied
14,0,6,4,0,4,8,2,1000,1000,0,1000,0,copied
14,0,2,5,-1,-11,7,8,1000,1000,0,1000,0,copied
14,0,3,3,1,-4,2,13,1000,1000,0,1000,0,copied
14,0,4,2,-1,-4,11,4,1000,1000,-200,1000,0,copied
1,0,0,20,40,-21,12,23,1000,1000,0,1000,0,copied
6,0,0,16,10,-3,10,8,1000,1000,0,1000,0,copied
11,0,0,11,10,-3,13,18,1000,1000,0,1000,0,copied
11,0,0,5,5,-1,5,4,1000,1000,0,1000,0,copied
1,0,0,21,25,-1,18,6,1000,1000,0,1000,0,copied
1000,3600,1000
1
0,0,0,0,0,0,default
