[maanim]
1
9
6,4,1,0,0,
4
0,0,0,0,
7,0,0,0,
10,-300,0,0,
11,0,0,0,
6,5,1,0,0,
4
0,0,0,0,
6,-20,0,0,
11,-20,0,0,
12,0,0,0,
6,12,1,0,0,
7
0,1000,0,0,
7,1000,0,0,
8,900,0,0,
9,600,0,0,
10,0,0,0,
15,0,0,0,
29,1000,0,0,
7,11,1,0,0,
5
0,-550,0,0,
8,-550,0,0,
11,0,0,0,
25,0,0,0,
29,-550,0,0,
7,4,1,0,0,
6
0,35,0,0,
6,50,0,0,
9,-50,0,0,
12,0,0,0,
25,0,0,0,
29,35,0,0,
7,5,1,0,0,
5
0,5,0,0,
8,5,0,0,
11,0,0,0,
25,0,0,0,
29,5,0,0,
8,4,1,0,0,
4
0,0,0,0,
7,0,0,0,
10,-300,0,0,
11,0,0,0,
8,12,1,0,0,
6
0,1000,0,0,
7,1000,0,0,
9,500,0,0,
10,0,0,0,
15,0,0,0,
29,1000,0,0,
9,4,1,0,0,
4
0,0,0,0,
6,10,0,0,
9,-78,0,0,
12,0,0,0,
