[mamodel]
3
18
-1,-1,0,0,198,-10,0,0,2100,2100,0,1000,0,default
0,0,14,101,33,-57,77,28,1356,1356,75,1000,0,default
0,0,14,111,21,-97,85,32,1502,1502,-360,800,0,尖刺重击1
2,0,14,112,29,-19,63,22,-1000,1000,-148,1000,0,2
0,0,13,100,-154,-14,30,30,1500,1000,0,1000,0,尘土1
0,0,13,99,-91,-9,30,30,1500,1000,0,1000,0,尘土2
0,0,1,5,-164,-87,50,80,1000,1000,0,1000,0,主身子
6,0,2,10,43,-33,20,45,1000,1000,0,1000,0,身子2
7,0,3,15,69,49,40,80,1000,1000,-25,1000,0,头
6,0,4,7,-14,-15,25,15,1000,1000,0,1000,0,左腿
9,0,5,6,1,49,28,17,1000,1000,0,1000,0,1
6,0,6,4,31,-7,20,20,1000,1000,-7,1000,0,右腿
11,0,7,3,10,44,15,18,1000,1000,0,1000,0,1
7,0,8,20,20,11,290,35,1000,1000,240,1000,0,左手
7,0,9,2,43,5,70,117,1000,1000,108,1000,0,右手
6,0,10,0,-36,-5,95,28,1000,1000,0,1000,0,尾巴1
15,0,11,1,-88,5,62,22,1000,1000,0,1000,0,2
0,0,12,-10,-126,3,105,8,1200,1600,0,1000,0,影子
1000,3600,1000
1
0,0,0,0,0,0,