[maanim]
1
12
1,4,1,backswingcontrol
7
0,0,1,0,
1,0,0,0,
2,5,2,-2,
12,10,1,0,
13,10,2,1,
20,0,0,0,
43,0,0,0,
1,4,1,
7
0,0,0,0,
2,10,2,-2,
12,25,0,0,
27,25,2,1,
31,15,0,0,
32,10,2,-1,
38,0,0,0,
2,2,1,
2
0,3,1,0,
32,5,1,0,
2,4,1,
5
0,-15,0,0,
2,-20,2,-2,
12,-15,0,0,
27,-15,2,1,
31,-6,0,0,
2,5,1,
7
0,-54,2,-2,
1,-64,0,0,
2,-85,2,-1,
27,-90,2,1,
31,-84,0,0,
32,-34,2,-2,
38,-14,0,0,
2,53,1,
1
0,1000,1,0,
2,11,1,
5
0,0,0,0,
2,-5,2,-1,
27,-55,2,1,
31,-5,0,0,
32,0,0,0,
3,5,1,
3
0,-2,1,0,
2,0,1,0,
30,-2,1,0,
3,12,1,
2
0,1000,1,0,
32,0,1,0,
5,2,1,
2
0,4,1,0,
32,0,1,0,
5,11,1,
3
0,-25,1,0,
4,25,1,0,
30,-25,1,0,
7,2,1,
3
0,0,1,0,
32,7,1,0,
34,0,1,0,
