[maanim]
1
27
1,12,-1,
18
0,0,0,0,
15,0,0,0,
16,0,0,0,
20,1000,0,0,
25,0,0,0,
35,0,0,0,
36,0,0,0,
40,1000,0,0,
45,0,0,0,
55,0,0,0,
56,0,0,0,
60,1000,0,0,
65,0,0,0,
74,0,0,0,
75,0,0,0,
80,1000,0,0,
85,0,0,0,
110,0,0,0,
1,4,-1,
12
0,0,0,0,
15,25,0,0,
20,25,0,0,
35,45,0,0,
45,45,0,0,
55,60,0,0,
65,60,0,0,
75,80,0,0,
85,80,0,0,
90,80,0,0,
100,0,0,0,
110,0,0,0,
2,4,-1,
11
0,0,0,0,
15,8,0,0,
20,8,0,0,
40,18,0,0,
50,18,0,0,
60,33,0,0,
75,33,0,0,
80,45,0,0,
90,45,0,0,
100,0,0,0,
110,0,0,0,
2,12,-1,
18
0,0,0,0,
19,0,0,0,
20,1000,0,0,
22,1000,0,0,
26,0,0,0,
39,0,0,0,
40,1000,0,0,
42,1000,0,0,
46,0,0,0,
59,0,0,0,
60,1000,0,0,
62,1000,0,0,
66,0,0,0,
79,0,0,0,
80,1000,0,0,
82,1000,0,0,
86,0,0,0,
110,0,0,0,
2,8,-1,
18
0,1000,0,0,
19,1000,0,0,
20,1000,0,0,
22,1300,0,0,
26,1300,0,0,
39,1000,0,0,
40,1000,0,0,
42,1300,0,0,
46,1300,0,0,
59,1000,0,0,
60,1000,0,0,
62,1300,0,0,
66,1300,0,0,
79,1000,0,0,
80,1000,0,0,
82,1300,0,0,
86,1300,0,0,
110,1300,0,0,
3,4,-1,
12
0,0,0,0,
15,25,0,0,
20,25,0,0,
35,60,0,0,
45,60,0,0,
55,80,0,0,
65,80,0,0,
70,85,0,0,
75,100,0,0,
90,100,0,0,
100,100,0,0,
110,0,0,0,
20,4,-1,
12
0,0,0,0,
15,25,0,0,
20,25,0,0,
35,60,0,0,
45,60,0,0,
55,80,0,0,
65,80,0,0,
70,85,0,0,
75,110,0,0,
90,110,0,0,
100,110,0,0,
110,0,0,0,
15,12,-1,翅膀
19
0,1000,0,0,
10,1000,0,0,
11,0,0,0,
25,0,0,0,
26,1000,0,0,
34,1000,0,0,
35,0,0,0,
48,0,0,0,
49,0,0,0,
50,1000,0,0,
55,1000,0,0,
56,0,0,0,
70,0,0,0,
71,1000,0,0,
75,1000,0,0,
76,0,0,0,
88,0,0,0,
89,1000,0,0,
110,1000,0,0,
16,12,-1,
34
0,0,0,0,
10,0,0,0,
11,1000,0,0,
12,1000,0,0,
13,0,0,0,
23,0,0,0,
24,1000,0,0,
25,1000,0,0,
26,0,0,0,
34,0,0,0,
35,1000,0,0,
36,1000,0,0,
37,0,0,0,
47,0,0,0,
48,1000,0,0,
49,1000,0,0,
50,0,0,0,
55,0,0,0,
56,1000,0,0,
57,1000,0,0,
58,0,0,0,
68,0,0,0,
69,1000,0,0,
70,1000,0,0,
71,0,0,0,
75,0,0,0,
76,1000,0,0,
77,1000,0,0,
78,0,0,0,
86,0,0,0,
87,1000,0,0,
88,1000,0,0,
89,0,0,0,
110,0,0,0,
17,12,-1,
19
0,0,0,0,
12,0,0,0,
13,1000,0,0,
23,1000,0,0,
24,0,0,0,
36,0,0,0,
37,1000,0,0,
47,1000,0,0,
48,0,0,0,
57,0,0,0,
58,1000,0,0,
68,1000,0,0,
69,0,0,0,
70,0,0,0,
77,0,0,0,
78,1000,0,0,
86,1000,0,0,
87,0,0,0,
110,0,0,0,
18,11,-1,
26
0,0,0,0,
10,0,0,0,
12,400,0,0,
20,680,0,0,
25,650,0,0,
26,0,0,0,
34,0,0,0,
35,400,0,0,
40,680,0,0,
45,650,0,0,
46,0,0,0,
50,0,0,0,
55,0,0,0,
56,400,0,0,
60,680,0,0,
65,650,0,0,
66,0,0,0,
70,0,0,0,
75,0,0,0,
76,400,0,0,
80,680,0,0,
85,650,0,0,
86,0,0,0,
90,0,0,0,
100,0,0,0,
110,0,0,0,
19,11,-1,
3
0,0,0,0,
11,150,0,0,
22,0,0,0,
5,11,-1,脖子
14
0,0,0,0,
10,-150,0,0,
15,400,0,0,
26,400,0,0,
30,-150,0,0,
35,400,0,0,
46,400,0,0,
50,-150,0,0,
55,400,0,0,
66,400,0,0,
70,-150,0,0,
75,600,0,0,
80,0,0,0,
110,0,0,0,
7,11,-1,
14
0,0,0,0,
16,-300,0,0,
20,-100,0,0,
25,-300,0,0,
36,-300,0,0,
40,-100,0,0,
45,-300,0,0,
56,-300,0,0,
60,-100,0,0,
65,-300,0,0,
76,-300,0,0,
80,-100,0,0,
85,-300,0,0,
110,0,0,0,
3,11,-1,
13
0,0,0,0,
10,-150,0,0,
20,400,0,0,
30,-150,0,0,
40,400,0,0,
50,-150,0,0,
60,400,0,0,
70,-150,0,0,
80,400,0,0,
90,0,0,0,
100,0,0,0,
105,150,0,0,
110,0,0,0,
4,12,-1,前段
20
0,1000,0,0,
15,1000,0,0,
16,0,0,0,
20,0,0,0,
25,0,0,0,
26,1000,0,0,
35,1000,0,0,
36,0,0,0,
45,0,0,0,
46,1000,0,0,
55,1000,0,0,
56,0,0,0,
65,0,0,0,
66,1000,0,0,
75,1000,0,0,
76,0,0,0,
85,0,0,0,
86,1000,0,0,
100,1000,0,0,
110,1000,0,0,
6,12,-1,攻击段
21
0,0,0,0,
15,0,0,0,
16,1000,0,0,
20,1000,0,0,
25,1000,0,0,
26,0,0,0,
35,0,0,0,
36,1000,0,0,
45,1000,0,0,
46,0,0,0,
55,0,0,0,
56,1000,0,0,
65,1000,0,0,
66,0,0,0,
75,0,0,0,
76,1000,0,0,
80,1000,0,0,
85,1000,0,0,
86,0,0,0,
100,0,0,0,
110,0,0,0,
8,11,-1,前推
13
0,0,0,0,
10,300,0,0,
20,-85,0,0,
30,-300,0,0,
40,-470,0,0,
50,300,0,0,
60,300,0,0,
70,-300,0,0,
80,-244,0,0,
90,0,0,0,
95,0,0,0,
100,0,0,0,
110,0,0,0,
8,4,-1,
13
0,0,0,0,
10,0,0,0,
20,0,0,0,
30,10,0,0,
40,20,0,0,
50,0,0,0,
60,0,0,0,
70,10,0,0,
80,22,0,0,
90,0,0,0,
95,0,0,0,
100,0,0,0,
110,0,0,0,
8,5,-1,
15
0,0,0,0,
10,0,0,0,
20,0,0,0,
30,-10,0,0,
40,0,0,0,
50,0,0,0,
60,0,0,0,
70,-10,0,0,
80,-1,0,0,
85,0,0,0,
90,0,0,0,
95,0,0,0,
100,0,0,0,
105,-25,0,0,
110,0,0,0,
10,11,-1,脚趾
14
0,0,0,0,
10,-150,0,0,
15,-150,0,0,
20,0,0,0,
30,-150,0,0,
40,0,0,0,
50,-150,0,0,
55,-150,0,0,
60,0,0,0,
70,-150,0,0,
78,-150,0,0,
81,-150,0,0,
100,0,0,0,
110,0,0,0,
10,4,-1,
1
0,-3,0,0,
12,11,-1,后推
13
0,0,0,0,
10,-400,0,0,
20,-300,0,0,
30,300,0,0,
40,-300,0,0,
50,-300,0,0,
60,-300,0,0,
70,300,0,0,
80,-300,0,0,
90,0,0,0,
95,0,0,0,
100,0,0,0,
110,0,0,0,
12,4,-1,
16
0,0,0,0,
10,0,0,0,
20,0,0,0,
30,0,0,0,
35,-5,0,0,
40,-10,0,0,
50,0,0,0,
60,0,0,0,
70,0,0,0,
80,-14,0,0,
85,-6,0,0,
90,10,0,0,
95,10,0,0,
100,0,0,0,
105,0,0,0,
110,0,0,0,
12,5,-1,
16
0,0,0,0,
10,0,0,0,
20,0,0,0,
30,0,0,0,
35,-5,0,0,
40,2,0,0,
50,0,0,0,
60,0,0,0,
70,0,0,0,
80,2,0,0,
85,-25,0,0,
90,0,0,0,
95,0,0,0,
100,0,0,0,
105,-10,0,0,
110,0,0,0,
14,11,-1,
12
0,0,0,0,
10,0,0,0,
20,-150,0,0,
30,-150,0,0,
40,-150,0,0,
50,0,0,0,
60,-150,0,0,
70,-150,0,0,
80,-150,0,0,
90,0,0,0,
100,0,0,0,
110,0,0,0,
11,12,-1,站立脚
1
0,0,0,0,
