[maanim]
1
28
2,12,-1,
1
0,0,0,0,
1,12,-1,
1
0,0,0,0,
16,12,-1,
1
0,0,0,0,
17,12,-1,
1
0,0,0,0,
6,12,-1,
1
0,0,0,0,
11,12,-1,
1
0,0,0,0,
3,5,-1,身子动
6
0,2,0,0,
2,0,0,0,
8,-1,0,0,
12,-1,0,0,
16,2,0,0,
20,2,0,0,
3,11,-1,
3
0,20,0,0,
10,-20,0,0,
20,20,0,0,
4,4,-1,
6
0,0,0,0,
4,-1,0,0,
8,0,0,0,
12,1,0,0,
16,1,0,0,
20,0,0,0,
4,11,-1,胸口
3
0,5,0,0,
4,-5,0,0,
14,5,0,0,
5,11,-1,头部
3
-12,-10,0,0,
-2,15,0,0,
8,-10,0,0,
19,11,-1,尾巴
3
-12,0,0,0,
-2,60,0,0,
8,0,0,0,
15,11,-1,翅膀1
3
0,0,0,0,
10,150,0,0,
20,0,0,0,
18,11,-1,翅膀2
3
0,0,0,0,
10,150,0,0,
20,0,0,0,
8,4,-1,大腿1
6
0,6,0,0,
8,20,0,0,
18,25,0,0,
26,4,0,0,
36,0,0,0,
40,6,0,0,
8,5,-1,
6
0,-2,0,0,
4,-16,0,0,
12,-12,0,0,
16,-3,0,0,
32,0,0,0,
40,-2,0,0,
8,11,-1,
6
0,300,0,0,
8,0,0,0,
14,-300,0,0,
20,0,0,0,
32,300,0,0,
40,300,0,0,
9,11,-1,
6
0,0,0,0,
8,-300,0,0,
14,200,0,0,
20,0,0,0,
32,-300,0,0,
40,0,0,0,
9,4,-1,
8
0,2,0,0,
11,2,0,0,
12,0,0,0,
19,0,0,0,
20,2,0,0,
36,2,0,0,
37,2,0,0,
40,2,0,0,
10,11,-1,脚1
7
0,-200,0,0,
8,-100,0,0,
14,100,0,0,
15,100,0,0,
20,-50,0,0,
32,50,0,0,
40,-200,0,0,
10,4,-1,
1
0,-1,0,0,
12,4,-1,大腿2
6
-20,-6,0,0,
-12,10,0,0,
-2,12,0,0,
6,-10,0,0,
16,-14,0,0,
20,-6,0,0,
12,5,-1,
6
-20,-2,0,0,
-14,-16,0,0,
-8,-14,0,0,
-4,7,0,0,
12,0,0,0,
20,-2,0,0,
12,11,-1,
6
-20,500,0,0,
-12,0,0,0,
-6,-200,0,0,
0,0,0,0,
12,400,0,0,
20,500,0,0,
13,11,-1,
6
-20,0,0,0,
-12,-300,0,0,
-6,0,0,0,
0,-300,0,0,
12,-300,0,0,
20,0,0,0,
13,4,-1,
1
0,1,0,0,
14,11,-1,脚2
6
-20,-360,0,0,
-12,0,0,0,
-6,-300,0,0,
0,300,0,0,
12,-100,0,0,
20,-360,0,0,
14,4,-1,
6
0,0,0,0,
12,0,0,0,
13,-3,0,0,
36,-3,0,0,
37,0,0,0,
40,0,0,0,
