[maanim]
1
36
1,5,-1,攻撃体
3
0,0,0,0,
6,2,0,0,
12,0,0,0,
2,4,-1,攻撃体
5
0,0,0,0,
8,2,0,0,
18,0,0,0,
26,2,0,0,
36,0,0,0,
2,5,-1,攻撃体
5
0,0,0,0,
8,4,0,0,
18,0,0,0,
26,4,0,0,
36,0,0,0,
2,11,-1,
5
0,0,0,0,
8,-20,0,0,
18,0,0,0,
26,10,0,0,
36,0,0,0,
3,11,-1,スカート
5
0,0,2,-1,
8,60,2,1,
18,0,2,-1,
26,-60,2,1,
36,0,2,1,
6,11,-1,首
5
0,0,0,0,
14,-40,0,0,
24,0,0,0,
32,30,0,0,
36,0,0,0,
7,11,-1,首
5
0,0,0,0,
14,20,0,0,
24,0,0,0,
32,-40,0,0,
36,0,0,0,
8,11,-1,首
5
0,0,0,0,
12,40,0,0,
22,0,0,0,
32,-30,0,0,
36,0,0,0,
9,11,-1,首
5
0,0,0,0,
12,60,0,0,
22,0,0,0,
32,-10,0,0,
36,0,0,0,
10,10,-1,首
5
0,1000,0,0,
12,900,0,0,
22,1000,0,0,
32,900,0,0,
36,1000,0,0,
12,11,-1,首
5
0,0,0,0,
12,-30,0,0,
22,0,0,0,
32,30,0,0,
36,0,0,0,
14,11,-1,首
5
0,0,0,0,
12,90,0,0,
22,0,0,0,
32,-120,0,0,
36,0,0,0,
15,11,-1,首
5
0,0,0,0,
12,90,0,0,
22,0,0,0,
32,-120,0,0,
36,0,0,0,
16,11,-1,スカート
5
0,0,2,-1,
8,20,2,1,
18,0,2,-1,
26,-20,2,1,
36,0,2,1,
18,12,-1,猫足後ろ
1
0,0,0,0,
21,11,-1,スカート
5
0,0,2,-1,
8,-60,2,1,
18,0,2,-1,
26,40,2,1,
36,0,2,1,
22,11,-1,スカート
5
0,0,2,-1,
8,-150,2,1,
18,0,2,-1,
26,20,2,1,
36,0,2,1,
24,11,-1,
5
0,0,0,0,
8,-20,2,1,
18,0,2,-1,
26,20,0,0,
36,0,0,0,
25,5,-1,左足
17
0,0,0,0,
2,0,0,0,
4,-1,0,0,
6,-2,0,0,
8,-2,0,0,
10,-2,0,0,
18,0,0,0,
20,-1,1,0,
21,0,1,0,
22,-1,0,0,
24,-1,0,0,
26,-1,0,0,
29,0,1,0,
30,-1,1,0,
31,0,1,0,
32,0,0,0,
36,0,0,0,
25,11,-1,攻撃体
5
0,0,0,0,
8,-50,0,0,
18,0,0,0,
26,80,0,0,
36,0,0,0,
26,4,-1,左足
5
0,0,0,0,
8,0,0,0,
18,0,0,0,
26,1,0,0,
36,0,0,0,
26,5,-1,左足
5
0,0,0,0,
8,0,0,0,
18,0,0,0,
26,-3,0,0,
36,0,0,0,
26,11,-1,攻撃体
5
0,0,0,0,
8,100,0,0,
18,0,0,0,
26,-200,0,0,
36,0,0,0,
27,11,-1,攻撃体
5
0,0,0,0,
8,-40,0,0,
18,0,0,0,
26,100,0,0,
36,0,0,0,
28,5,-1,左足
11
0,0,0,0,
2,-1,0,0,
6,-2,0,0,
8,-1,0,0,
16,0,0,0,
18,0,0,0,
20,-1,0,0,
22,-2,0,0,
24,-3,0,0,
26,-4,0,0,
36,0,0,0,
28,11,-1,攻撃体
5
0,0,0,0,
8,-120,0,0,
18,0,0,0,
26,20,0,0,
36,0,0,0,
29,4,-1,左足
6
0,0,0,0,
8,-1,0,0,
10,-1,0,0,
18,0,0,0,
26,0,0,0,
36,0,0,0,
29,5,-1,左足
5
0,0,0,0,
8,-2,0,0,
18,0,0,0,
26,0,0,0,
36,0,0,0,
29,11,-1,攻撃体
5
0,0,0,0,
8,240,0,0,
18,0,0,0,
26,-80,0,0,
36,0,0,0,
30,11,-1,攻撃体
5
0,0,0,0,
8,-100,0,0,
18,0,0,0,
26,50,0,0,
36,0,0,0,
33,2,-1,
5
0,56,1,0,
5,55,1,0,
10,57,1,0,
15,55,1,0,
20,56,1,0,
35,11,-1,スカート
5
0,0,2,-1,
8,50,2,1,
18,0,2,-1,
26,-40,2,1,
36,0,2,1,
36,12,-1,猫足後ろ
1
0,0,0,0,
53,12,-1,猫足後ろ
1
0,0,0,0,
54,12,-1,猫足後ろ
1
0,0,0,0,
61,5,-1,汗アニメ
5
0,2,0,0,
5,0,0,0,
10,2,0,0,
15,0,0,0,
20,2,0,0,
