[maanim]
1
12
2,11,-1,0,0,
7
0,0,0,0,
5,-3,0,0,
24,-25,0,0,
29,-30,0,0,
34,-25,0,0,
54,-3,0,0,
59,0,0,0,
6,11,-1,0,0,
7
0,0,0,0,
5,3,0,0,
24,48,0,0,
29,50,0,0,
34,48,0,0,
54,3,0,0,
59,0,0,0,
7,11,-1,0,0,
7
0,0,0,0,
5,3,0,0,
24,48,0,0,
29,50,0,0,
34,48,0,0,
54,3,0,0,
59,0,0,0,
4,12,-1,0,0,
1
0,0,0,0,
5,12,-1,0,0,
1
0,0,0,0,
15,12,-1,0,0,
1
0,0,0,0,
11,12,-1,0,0,
1
0,0,0,0,
12,12,-1,0,0,
1
0,0,0,0,
13,12,-1,0,0,
1
0,0,0,0,
14,12,-1,0,0,
1
0,0,0,0,
8,5,-1,0,0,
1
0,-1,0,0,
8,11,-1,0,0,
7
0,0,0,0,
5,-3,0,0,
24,-20,0,0,
29,-25,0,0,
34,-20,0,0,
54,-3,0,0,
59,0,0,0,
