[maanim]
1
18
3,5,-1,0,0,
5
0,0,0,0,
4,-3,0,0,
10,-3,0,0,
16,0,0,0,
20,0,0,0,
3,11,-1,0,0,
4
0,0,2,1,
4,50,2,-1,
16,-50,2,1,
20,0,2,1,
4,4,-1,0,0,
4
0,0,0,0,
4,0,0,0,
16,3,0,0,
20,0,0,0,
4,5,-1,0,0,
5
0,0,0,0,
4,0,0,0,
8,-1,0,0,
16,-1,0,0,
20,0,0,0,
4,11,-1,0,0,
4
0,0,0,0,
4,80,0,0,
16,-80,0,0,
20,0,0,0,
5,4,-1,0,0,
5
0,0,0,0,
4,-2,0,0,
8,-3,0,0,
16,3,0,0,
20,0,0,0,
5,5,-1,0,0,
5
0,0,0,0,
4,-3,0,0,
8,-1,0,0,
16,-1,0,0,
20,0,0,0,
5,11,-1,0,0,
4
0,0,0,0,
4,80,0,0,
16,-80,0,0,
20,0,0,0,
6,5,-1,0,0,
7
0,0,0,0,
4,1,0,0,
8,4,0,0,
10,6,0,0,
16,7,0,0,
18,0,0,0,
20,0,0,0,
6,11,-1,0,0,
4
0,0,0,0,
4,-50,0,0,
16,400,0,0,
20,0,0,0,
7,5,-1,0,0,
7
0,0,0,0,
4,1,0,0,
8,3,0,0,
10,3,0,0,
16,3,0,0,
18,0,0,0,
20,0,0,0,
7,11,-1,0,0,
4
0,0,0,0,
4,-50,0,0,
16,400,0,0,
20,0,0,0,
8,12,-1,0,0,
1
0,0,0,0,
11,12,-1,0,0,
1
0,0,0,0,
12,12,-1,0,0,
1
0,0,0,0,
13,12,-1,0,0,
1
0,0,0,0,
14,12,-1,0,0,
1
0,0,0,0,
15,12,-1,0,0,
1
0,0,0,0,
