[maanim]
1
13
12,11,-1,0,0,
6
0,0,0,0,
5,3,0,0,
10,-9,0,0,
20,8,0,0,
30,10,0,0,
40,-20,0,0,
25,11,-1,0,0,
5
0,0,2,-2,
20,100,2,-2,
50,1000,2,-2,
80,-800,2,-2,
100,0,2,-2,
25,4,-1,0,0,
5
0,0,2,-2,
20,-10,2,-2,
50,-80,2,-2,
80,10,2,-2,
100,0,2,-2,
25,5,-1,0,0,
5
0,0,2,-2,
20,-10,2,-2,
50,-50,2,-2,
80,10,2,-2,
100,0,2,-2,
24,12,-1,0,0,
1
0,0,0,0,
23,12,-1,0,0,
11
0,0,0,0,
10,0,0,0,
20,0,0,0,
30,0,0,0,
40,0,0,0,
50,0,0,0,
60,1000,0,0,
70,1000,0,0,
80,1000,0,0,
90,1000,0,0,
100,0,0,0,
23,6,-1,0,0,
5
0,0,0,0,
40,5,0,0,
50,20,0,0,
80,200,0,0,
100,300,0,0,
5,11,-1,0,0,
4
0,0,2,-2,
20,-200,2,-2,
50,-200,2,-2,
100,0,2,-2,
5,9,-1,0,0,
4
0,1000,2,-2,
20,800,2,-2,
50,700,2,-2,
100,1000,2,-2,
0,10,-1,0,0,
3
0,1000,2,-2,
50,943,2,-2,
100,1000,2,-2,
0,6,-1,0,0,
3
0,0,0,0,
10,2,0,0,
15,0,0,0,
6,11,-1,0,0,
5
0,0,2,-2,
20,100,2,-2,
50,1000,2,-2,
80,-30,2,-2,
100,0,2,-2,
22,12,-1,0,0,
1
0,0,0,0,
