[mamodel]
3
26
-1,-1,0,0,0,0,0,0,500,500,0,1000,0,default
0,0,15,0,70,4,72,6,1500,1500,0,1000,0,影
0,0,20,1,68,-84,22,16,1000,1000,116,1000,0,左脚
0,0,21,1,98,-90,38,12,1000,1000,-136,1000,0,右脚
0,0,9,2,84,-140,82,4,1000,1000,0,1000,0,群子
0,0,13,10,46,-174,16,30,1000,1000,412,1000,0,左手
0,0,14,14,118,-184,22,32,1000,1000,-301,1000,0,右手
0,0,1,15,88,-124,42,24,1000,1000,7,1000,0,魔归
0,0,2,15,86,-188,16,14,1000,1000,0,1000,0,项链
0,0,6,14,80,-186,22,10,1000,1000,0,1000,0,领带
0,0,10,13,82,-176,54,40,1000,1000,0,1000,0,上衣
0,0,11,7,84,-202,56,110,1000,1000,0,1000,0,头
0,0,5,14,74,-290,24,16,1000,1000,0,1000,0,前发
0,0,7,13,72,-304,104,20,1000,1000,0,1000,0,中发
0,0,18,15,80,-318,52,20,1000,1000,303,1000,0,鬓角
0,0,19,16,98,-314,6,29,1000,1000,-76,1000,0,鬓角2
0,0,8,0,92,-244,158,0,1000,1000,0,1000,0,后发
0,0,24,0,82,-320,18,56,1000,1000,0,1000,0,呆毛
0,0,3,0,26,-304,64,36,1000,1000,0,1000,0,左耳
0,0,4,0,134,-296,26,44,1000,1000,0,1000,0,右耳
0,0,17,0,124,-98,72,5,1000,1000,-714,1000,0,尾
0,0,23,8,76,-244,50,22,1000,1000,0,1000,0,眼
0,0,22,8,66,-244,32,18,1000,1000,0,1000,0,闭眼
0,0,12,0,-90,-152,50,77,2000,2000,0,1000,0,刀光1
0,0,16,20,102,-126,5,138,2000,2000,2804,1000,1,影
0,0,25,16,132,-128,34,230,1000,1000,-797,1000,0,剑
1000,3600,1000
1
0,0,0,0,0,0,default
