[maanim]
1
54
2,12,-1,
1
0,0,0,0,
1,12,-1,
1
0,0,0,0,
30,12,-1,
1
0,0,0,0,
24,12,-1,
1
0,0,0,0,
27,12,-1,
1
0,0,0,0,
78,12,-1,
1
0,0,0,0,
109,12,-1,
1
0,0,0,0,
47,12,-1,
1
0,0,0,0,
3,5,-1,
3
0,0,0,0,
30,0,0,0,
60,0,0,0,
4,5,-1,
3
0,0,0,0,
30,2,0,0,
60,0,0,0,
5,11,-1,
3
0,0,0,0,
15,15,0,0,
30,0,0,0,
6,11,-1,
3
0,0,0,0,
30,-15,0,0,
60,0,0,0,
6,5,-1,
3
0,0,0,0,
15,3,0,0,
30,0,0,0,
7,11,-1,
3
0,0,0,0,
30,30,0,0,
60,0,0,0,
8,11,-1,
3
0,0,0,0,
30,30,0,0,
60,0,0,0,
9,11,-1,
3
0,0,0,0,
30,60,0,0,
60,0,0,0,
10,11,-1,
3
0,-30,0,0,
30,30,0,0,
60,-30,0,0,
11,11,-1,
3
0,0,0,0,
30,30,0,0,
60,0,0,0,
12,11,-1,
3
0,-28,0,0,
30,30,0,0,
60,-28,0,0,
13,11,-1,
3
0,-30,0,0,
30,60,0,0,
60,-30,0,0,
14,11,-1,
3
0,15,0,0,
30,-62,0,0,
60,15,0,0,
14,11,-1,
3
0,30,0,0,
30,-60,0,0,
60,30,0,0,
16,11,-1,
3
0,0,0,0,
30,60,0,0,
60,0,0,0,
17,11,-1,
3
0,-60,0,0,
30,30,0,0,
60,-60,0,0,
17,5,-1,
3
0,0,0,0,
30,2,0,0,
60,0,0,0,
18,11,-1,
3
0,-60,0,0,
30,30,0,0,
60,-60,0,0,
18,5,-1,
3
0,0,0,0,
30,2,0,0,
60,0,0,0,
20,10,-1,
8
0,1000,0,0,
60,1000,0,0,
66,300,0,0,
67,1000,0,0,
72,1000,0,0,
73,300,0,0,
79,1000,0,0,
120,1000,0,0,
22,10,-1,
8
0,1000,0,0,
60,1000,0,0,
66,300,0,0,
67,1000,0,0,
72,1000,0,0,
73,300,0,0,
79,1000,0,0,
120,1000,0,0,
20,2,-1,
8
0,18,0,0,
60,18,0,0,
66,18,0,0,
67,21,0,0,
72,21,0,0,
73,18,0,0,
79,18,0,0,
120,18,0,0,
20,4,-1,
6
0,0,0,0,
66,0,0,0,
67,5,0,0,
72,5,0,0,
73,0,0,0,
120,0,0,0,
20,5,-1,
6
0,0,0,0,
66,0,0,0,
67,12,0,0,
72,12,0,0,
73,0,0,0,
120,0,0,0,
21,12,-1,
6
0,1000,0,0,
66,1000,0,0,
67,0,0,0,
72,0,0,0,
73,1000,0,0,
120,1000,0,0,
21,5,-1,
3
0,0,0,0,
15,-1,0,0,
30,0,0,0,
22,2,-1,
8
0,19,0,0,
60,19,0,0,
66,19,0,0,
67,22,0,0,
72,22,0,0,
73,19,0,0,
79,19,0,0,
120,19,0,0,
22,4,-1,
6
0,0,0,0,
66,0,0,0,
67,0,0,0,
72,0,0,0,
73,0,0,0,
120,0,0,0,
22,5,-1,
6
0,0,0,0,
66,0,0,0,
67,14,0,0,
72,14,0,0,
73,0,0,0,
120,0,0,0,
23,5,-1,
3
0,0,0,0,
15,-1,0,0,
30,0,0,0,
23,12,-1,
6
0,1000,0,0,
66,1000,0,0,
67,0,0,0,
72,0,0,0,
73,1000,0,0,
120,1000,0,0,
31,10,-1,
4
0,1000,0,0,
30,800,0,0,
45,1000,0,0,
60,1000,0,0,
32,5,-1,
10
0,0,0,0,
15,2,0,0,
30,0,0,0,
45,2,0,0,
60,0,0,0,
66,10,0,0,
72,10,0,0,
79,0,0,0,
90,2,0,0,
120,0,0,0,
33,5,-1,
10
0,0,0,0,
15,2,0,0,
30,0,0,0,
45,2,0,0,
60,0,0,0,
66,10,0,0,
72,10,0,0,
79,0,0,0,
90,2,0,0,
120,0,0,0,
34,11,-1,
3
0,0,0,0,
30,60,0,0,
60,0,0,0,
34,5,-1,
3
0,0,0,0,
30,2,0,0,
60,0,0,0,
36,5,-1,
3
0,0,0,0,
30,2,0,0,
60,0,0,0,
35,11,-1,
3
0,0,0,0,
30,150,0,0,
60,0,0,0,
36,11,-1,
3
0,-30,0,0,
30,15,0,0,
60,-30,0,0,
37,11,-1,
3
0,0,0,0,
30,30,0,0,
60,0,0,0,
38,11,-1,
3
0,-90,0,0,
30,90,0,0,
60,-90,0,0,
39,5,-1,
3
0,0,0,0,
30,0,0,0,
60,0,0,0,
41,5,-1,
3
0,0,0,0,
30,0,0,0,
60,0,0,0,
43,11,-1,
4
0,0,0,0,
30,150,0,0,
35,180,0,0,
60,0,0,0,
44,11,-1,
3
0,0,0,0,
30,-12,0,0,
60,0,0,0,
45,11,-1,
3
0,-21,0,0,
30,215,0,0,
60,-21,0,0,
