[maanim]
1
35
2,4,-1,
1
0,72,0,0,
2,5,-1,
1
0,-78,0,0,
1,12,-1,
1
0,0,0,0,
3,12,-1,
1
0,0,0,0,
46,9,-1,
1
0,850,0,0,
47,12,-1,
1
0,0,0,0,
78,5,-1,
1
0,-31,0,0,
78,4,-1,
1
0,10,0,0,
78,11,-1,
1
0,50,0,0,
79,11,-1,
1
0,41,0,0,
80,11,-1,
1
0,-42,0,0,
82,11,-1,
1
0,-88,0,0,
83,11,-1,
1
0,38,0,0,
84,11,-1,
1
0,42,0,0,
85,11,-1,
1
0,66,0,0,
86,11,-1,
1
0,5,0,0,
87,11,-1,
1
0,152,0,0,
88,11,-1,
1
0,122,0,0,
91,2,-1,
1
0,26,0,0,
91,4,-1,
1
0,1,0,0,
91,5,-1,
1
0,8,0,0,
92,2,-1,
1
0,27,0,0,
92,4,-1,
1
0,1,0,0,
92,5,-1,
1
0,7,0,0,
95,2,-1,
1
0,36,0,0,
96,11,-1,
1
0,108,0,0,
97,11,-1,
1
0,127,0,0,
98,11,-1,
1
0,-218,0,0,
99,11,-1,
1
0,-462,0,0,
103,11,-1,
1
0,8,0,0,
104,11,-1,
1
0,-279,0,0,
104,4,-1,
1
0,-4,0,0,
105,11,-1,
1
0,89,0,0,
106,4,-1,
1
0,-1,0,0,
109,12,-1,
1
0,0,0,0,
