[mamodel]
3
140
-1,-1,0,0,0,0,3,-1,980,980,0,1000,0,def
0,0,80,111,-21,-179,45,24,1503,1503,-524,1000,0,挥击
0,0,81,200,-80,-184,18,39,-1000,1000,395,1000,0,文字
0,0,1,10,29,-83,38,15,878,897,0,1000,0,主身子
3,0,2,9,-3,-10,31,88,920,950,0,1000,0,上半身
4,0,3,12,13,-37,32,22,1000,1000,-151,1000,0,衣服待机
4,0,5,20,-2,-78,45,65,1328,1149,0,1000,0,头
6,0,6,1,2,-42,45,36,1097,1167,-6,1000,0,主头发
7,0,7,0,2,36,54,9,998,1198,0,1000,0,2
7,0,9,22,-13,-14,25,7,953,853,185,1000,0,头发1
7,0,10,26,2,-17,19,9,900,900,106,1000,0,2
7,0,11,25,16,-17,14,7,855,855,108,1000,0,3
7,0,12,18,-32,2,18,7,993,893,59,1000,0,边发1
12,0,50,19,2,39,15,7,1000,1000,-43,1000,0,边发1
7,0,13,21,30,6,18,8,854,854,17,1000,0,2
14,0,51,20,0,37,14,6,1000,1000,0,1000,0,2
7,0,14,30,6,-27,24,11,901,901,613,1000,0,呆毛
7,0,16,-1,-19,-12,18,31,850,1000,-70,1000,0,左耳
7,0,15,-1,23,-13,19,31,950,1000,293,1000,0,右耳
7,0,17,18,43,7,3,9,1000,1000,0,1000,0,杂毛
6,0,18,50,-19,-25,22,19,774,916,0,1000,0,左眼
20,0,20,51,3,-8,5,7,806,1016,0,1000,0,眼珠
6,0,19,50,14,-25,19,20,716,845,23,1000,0,右眼
22,0,20,51,2,-7,5,7,902,1044,0,1000,0,眼珠
6,0,23,60,-19,-28,18,11,826,854,0,1000,0,待机眼睛
24,0,21,62,-2,-10,18,4,1106,1106,15,1000,0,待机眼睛
24,0,25,61,2,-3,6,4,1052,1052,0,1000,0,待机眼睛
6,0,24,60,15,-28,18,10,827,855,0,1000,0,待机眼睛2
27,0,22,62,-2,-8,17,5,1206,1106,31,1000,0,待机眼睛2
27,0,25,61,1,-3,6,4,1103,1103,0,1000,0,待机眼睛2
27,0,79,63,-24,4,10,6,1158,1558,0,750,0,红晕
6,0,32,52,-3,-15,11,7,593,693,0,1000,0,嘴巴
6,0,28,80,-19,-44,8,5,1160,1160,57,1000,0,眉毛1
6,0,29,80,16,-45,7,5,1049,1049,0,1000,0,2
4,0,37,4,-8,-69,8,12,1107,1107,1160,1000,0,待机左手
34,0,38,11,47,-2,10,14,1000,1000,-1351,1000,0,2
4,0,39,98,26,-50,12,8,1000,1000,0,1000,0,待机右手
36,0,40,97,8,25,14,6,1000,1000,0,1000,0,2
37,0,41,96,10,43,68,17,1000,1000,-698,1000,0,枕头
3,0,42,12,-15,0,22,11,950,1100,0,1000,0,左腿
39,0,43,11,-3,33,20,7,950,1000,0,1000,0,2
3,0,44,14,14,4,20,9,1000,1100,18,1000,0,右腿
41,0,45,13,1,29,20,5,1000,1060,16,1000,0,2
3,0,46,1,18,1,20,39,1104,1104,1238,1000,0,尾巴1
43,0,47,2,-11,-27,7,8,949,949,-2119,1000,0,2
44,0,48,3,11,24,45,28,998,998,-1997,1000,0,3
0,0,49,-60,32,1,31,4,1582,1582,0,1000,0,影子
0,0,1,20,29,-92,37,12,892,912,0,1000,0,奔跑主身子
47,0,2,29,3,-35,34,58,900,900,0,1000,0,上半身
48,0,4,31,3,-6,45,11,950,1000,0,1000,0,衣服
48,0,5,50,-11,-50,43,62,1358,1249,0,1000,0,头
50,0,6,-8,6,-51,46,32,1100,1000,-21,1000,0,主头发
51,0,17,0,39,8,0,0,1000,1000,-242,1000,0,主头发
51,0,8,-7,6,38,43,14,1000,1000,128,1000,0,2
51,0,9,55,-16,-7,23,9,797,997,414,1000,0,前头发1
51,0,10,58,-5,-14,15,4,797,997,236,1000,0,2
51,0,11,96,7,-8,14,7,800,1000,21,1000,0,3
51,0,12,47,-36,10,18,9,932,1065,25,1000,0,左边发1
57,0,50,30,3,37,15,8,1000,1000,-53,1000,0,1
51,0,13,95,25,8,17,8,986,1107,-28,1000,0,右边发
59,0,51,99,0,41,14,9,1000,1000,-141,1000,0,2
51,0,14,60,9,-23,25,8,901,901,770,1000,0,2
51,0,16,-10,-23,-13,17,25,1000,1000,-220,1000,0,左耳
51,0,15,-10,28,-13,17,25,1000,1000,395,1000,0,右耳
50,0,59,60,-22,-32,19,14,649,949,-36,1000,0,左眼
50,0,60,60,8,-30,18,12,671,771,40,1000,0,右眼
50,0,61,60,-5,-20,15,9,594,594,-24,1000,0,嘴巴
48,0,62,80,-17,-36,17,11,1226,1096,352,1000,0,左手
48,0,85,99,-54,-3,16,20,890,877,-261,1000,0,2
48,0,52,89,25,-31,9,17,1069,811,846,1000,0,右手
48,0,86,88,34,-1,61,22,945,886,-223,1000,0,2
48,0,56,87,-11,-5,30,41,1405,1694,1723,1000,0,枕头
47,0,57,17,-14,4,21,10,1007,987,10,1000,0,左腿
72,0,43,16,0,42,21,6,1020,1080,0,1000,0,2
47,0,58,19,16,3,20,10,1056,1006,-36,1000,0,右腿
74,0,45,18,0,42,21,5,1000,1150,84,1000,0,2
47,0,63,-5,11,-9,32,10,1498,1583,163,1000,0,尾巴1
76,0,65,-4,25,2,21,51,1000,1000,46,1000,0,2
0,0,68,21,24,-93,41,74,780,853,43,1000,0,攻击时身子
78,0,5,50,2,-75,44,60,1396,1127,-57,1000,0,头
79,0,6,2,5,-39,47,32,1053,1303,-9,1000,0,主头发
80,0,17,3,37,11,0,0,1000,1000,-270,1000,0,主头发
80,0,7,2,-1,42,53,9,1000,1000,0,1000,0,2
79,0,69,55,6,-56,41,16,948,948,0,1000,0,前头发
79,0,12,49,-30,-40,18,5,1000,1000,68,1000,0,左边发
84,0,50,48,2,39,15,6,1000,1000,0,1000,0,2
79,0,13,52,34,-46,17,5,1000,1000,5,1000,0,右边发
86,0,51,151,2,47,15,8,1000,1000,30,1000,0,2
79,0,14,60,13,-71,24,7,1000,1000,767,1000,0,呆毛
79,0,16,1,-17,-58,19,25,1000,1000,-248,1000,0,左耳
79,0,15,1,35,-59,17,23,1000,1000,373,1000,0,右耳
79,0,66,56,-21,-25,18,18,812,812,0,1000,0,左眼
79,0,67,56,12,-24,18,17,771,771,0,1000,0,右眼
79,0,28,57,-18,-39,8,3,1000,1000,0,1000,0,左眉毛
79,0,29,57,20,-39,7,5,1000,1000,0,1000,0,右眉毛
79,0,34,56,-4,-8,10,9,765,665,0,1000,0,嘴巴
78,0,62,5,-10,-61,15,10,1157,1107,291,1000,0,左胳膊
96,0,40,4,3,25,15,4,1000,1000,63,1000,0,左手
78,0,52,90,32,-50,12,14,898,898,754,1000,0,右胳膊
98,0,53,88,29,1,14,14,947,947,408,1000,0,1
99,0,54,89,7,1,7,15,1005,1065,0,1000,0,2
100,0,55,87,42,-1,17,9,695,695,-890,1000,0,3
101,0,70,86,8,-1,33,35,1345,1345,624,1000,0,3
78,0,57,8,-21,15,20,9,1117,1020,97,1000,0,左腿
103,0,43,7,-2,40,21,4,1000,1000,-148,1000,0,2
78,0,58,10,17,10,21,9,1186,1086,-118,1000,0,右腿
105,0,45,9,-1,43,20,7,1000,1000,56,1000,0,2
78,0,63,4,25,22,29,11,1357,1357,283,1000,0,尾巴
107,0,65,3,29,0,16,50,1000,1000,0,1000,0,2
0,0,71,40,37,-94,45,68,901,901,0,1000,0,攻击后主身
109,0,5,50,-36,-58,47,60,1150,1000,-102,1000,0,头
110,0,6,3,-8,-47,45,30,1101,1051,-179,1000,0,主头发
111,0,8,4,0,43,40,11,950,1000,0,1000,0,2
111,0,17,21,43,18,1,2,1000,1000,-432,1000,0,杂毛
110,0,69,60,-8,-56,36,16,1000,1000,35,1000,0,前发
110,0,12,49,-38,-26,18,7,1000,1000,-64,1000,0,左边发
115,0,50,48,2,37,15,4,1000,1000,-118,1000,0,2
110,0,13,55,26,-38,17,7,1000,1000,-285,1000,0,右边发
117,0,51,54,2,43,15,6,1000,1000,-135,1000,0,2
110,0,75,61,-27,-23,19,15,732,732,0,1000,0,左眼
110,0,75,61,6,-27,20,12,-855,855,-140,1000,0,右眼
110,0,28,62,-27,-39,9,2,993,993,391,1000,0,眉毛1
110,0,29,62,7,-42,6,3,1000,1000,-366,1000,0,2
110,0,76,61,-6,-6,17,13,1000,1000,0,1000,0,嘴巴
110,0,77,2,-34,-53,30,28,901,901,31,1000,0,左耳
110,0,78,2,24,-66,24,35,854,854,81,1000,0,右耳
110,0,14,61,-6,-72,23,9,1000,1000,880,1000,0,呆毛
109,0,62,10,-18,-44,15,10,1000,1000,-103,1000,0,左手
127,0,40,9,1,23,14,4,1000,1000,0,1000,0,2
109,0,52,70,-12,-47,12,15,900,850,1222,1000,0,右手
129,0,53,68,24,0,15,13,-1000,1000,-1575,1000,0,1
130,0,54,69,3,0,5,14,905,1165,0,1000,0,2
131,0,55,67,45,1,16,9,730,730,949,1000,0,3
132,0,56,66,-3,18,30,22,1993,1661,24,1000,0,枕头
109,0,57,30,-3,19,20,13,1000,1000,155,1000,0,左腿
134,0,43,29,0,37,21,10,1052,1052,0,1000,0,2
109,0,58,32,26,6,19,8,1007,1107,307,1000,0,右腿
136,0,45,31,-8,52,21,8,1000,1000,-724,1000,0,2
109,0,63,8,21,8,33,10,1286,1286,279,1000,0,尾巴1
138,0,65,7,27,1,18,50,1000,1000,0,1000,0,2
1000,3600,1000
1
0,0,0,0,0,0,