[mamodel]
3
11
-1,-1,0,0,0,0,2,-10,525,525,0,1000,0,ダミー
0,2,1,0,0,0,0,0,1790,1790,0,1000,0,影
0,2,0,2,-4,-4,0,0,1000,1000,0,1000,0,キャラ
2,2,2,3,66,0,45,111,1790,1790,0,1000,0,本体
3,2,3,1,3,-28,29,0,1000,1000,0,1000,0,足
3,2,12,1,-35,-23,28,90,1000,1000,0,1000,0,剣
5,0,13,2,-1,-1,90,91,1000,1000,900,1000,0,剣
5,0,16,3,0,-30,24,50,1428,1428,0,1000,1,剣
3,2,14,10,44,-31,24,26,1000,1000,0,1000,0,盾
8,0,17,11,-2,-6,25,29,1052,1052,0,300,1,盾
2,2,0,0,12,-258,0,0,1790,1790,0,1000,0,耳
1000,3600,1000
1
0,0,0,0,5,0,0,0,38,5,5,0,