[maanim]
1
21
3,2,1,
5
0,5,1,0,
4,6,1,0,
6,7,1,0,
8,7,1,0,
9,7,1,0,
3,4,1,
5
0,0,1,0,
4,50,1,0,
6,66,1,0,
8,66,1,0,
9,66,1,0,
3,5,1,
5
0,-70,1,0,
4,-80,1,0,
6,290,1,0,
8,300,1,0,
9,310,1,0,
2,2,1,
2
0,9,1,0,
9,9,1,0,
2,4,1,
5
0,41,1,0,
4,50,1,0,
6,-220,1,0,
8,-220,1,0,
9,-220,1,0,
2,5,1,
5
0,-90,1,0,
4,-106,1,0,
6,100,1,0,
8,100,1,0,
9,100,1,0,
2,11,1,
5
0,0,1,0,
4,200,1,0,
6,-800,1,0,
8,-800,1,0,
9,-800,1,0,
3,6,1,
3
0,0,1,0,
6,102,1,0,
9,102,1,0,
3,7,1,
3
0,0,1,0,
6,147,1,0,
9,147,1,0,
1,11,1,
5
0,0,1,0,
4,0,1,0,
6,0,1,0,
8,-100,1,0,
9,-100,1,0,
1,4,1,
5
0,0,1,0,
4,0,1,0,
6,0,1,0,
8,-57,1,0,
9,-57,1,0,
1,5,1,
5
0,0,1,0,
4,0,1,0,
6,0,1,0,
8,10,1,0,
9,10,1,0,
5,2,1,
4
0,0,1,0,
6,10,1,0,
8,0,1,0,
9,0,1,0,
5,11,1,
4
0,0,1,0,
6,-40,1,0,
8,0,1,0,
9,0,1,0,
5,4,1,
1
0,-100,0,0,
5,5,1,
1
0,-100,0,0,
2,10,1,
4
0,1000,1,0,
4,1100,1,0,
6,1000,1,0,
9,1000,1,0,
6,2,1,
4
0,0,1,0,
6,12,1,0,
8,0,1,0,
9,0,1,0,
6,4,1,
1
0,-164,0,0,
6,5,1,
1
0,-147,0,0,
6,11,1,
4
0,0,1,0,
6,-60,1,0,
8,0,1,0,
9,0,1,0,
