[maanim]
1
23
1,4,-1,身子
3
0,0,0,0,
4,5,0,0,
8,0,0,0,
1,5,-1,
3
0,0,0,0,
5,5,0,0,
9,0,0,0,
1,11,-1,
3
0,0,0,0,
5,30,0,0,
10,0,0,0,
2,5,-1,
3
0,0,0,0,
4,-3,0,0,
8,0,0,0,
2,11,-1,
3
0,0,0,0,
8,15,0,0,
16,0,0,0,
4,5,-1,
3
0,0,0,0,
10,-10,0,0,
20,0,0,0,
4,11,-1,
3
0,-20,0,0,
10,-30,0,0,
20,-20,0,0,
5,8,-1,
3
0,1000,0,0,
10,900,0,0,
20,1000,0,0,
6,11,-1,尾巴
3
0,0,0,0,
5,60,0,0,
10,0,0,0,
7,11,-1,
3
0,0,0,0,
4,60,0,0,
8,0,0,0,
8,11,-1,
3
0,0,0,0,
5,-30,0,0,
10,0,0,0,
13,11,-1,翅膀
3
0,0,0,0,
10,90,0,0,
20,0,0,0,
13,5,-1,
3
0,0,0,0,
10,-10,0,0,
20,0,0,0,
9,4,-1,左腿
6
0,6,0,0,
4,20,0,0,
9,25,0,0,
13,25,0,0,
18,0,0,0,
20,6,0,0,
9,5,-1,
6
0,-2,0,0,
4,-16,0,0,
9,-12,0,0,
13,0,0,0,
18,-5,0,0,
20,-2,0,0,
9,11,-1,
6
0,300,0,0,
4,0,0,0,
9,-300,0,0,
13,0,0,0,
18,300,0,0,
20,300,0,0,
10,11,-1,
6
0,-60,0,0,
4,-150,0,0,
9,0,0,0,
13,0,0,0,
18,-150,0,0,
20,-60,0,0,
11,4,-1,右腿
6
-10,-6,0,0,
-6,10,0,0,
-1,12,0,0,
3,-10,0,0,
8,-14,0,0,
10,-6,0,0,
11,5,-1,
6
-10,-2,0,0,
-6,-16,0,0,
-1,-14,0,0,
3,7,0,0,
8,0,0,0,
10,-2,0,0,
11,11,-1,
6
-10,500,0,0,
-6,0,0,0,
1,-200,0,0,
3,0,0,0,
8,400,0,0,
10,500,0,0,
12,11,-1,
6
-10,0,0,0,
6,-150,0,0,
1,0,0,0,
3,0,0,0,
8,-150,0,0,
10,0,0,0,
15,12,-1,
1
0,0,0,0,
16,12,-1,
1
0,0,0,0,
