[maanim]
1
22
5,8,-1,
3
0,1000,0,0,
5,800,0,0,
10,1000,0,0,
1,4,-1,
12
0,0,0,0,
2,-2,0,0,
4,2,0,0,
6,-2,0,0,
8,2,0,0,
10,-2,0,0,
12,2,0,0,
15,-2,0,0,
20,20,0,0,
30,20,0,0,
34,0,0,0,
38,0,0,0,
14,4,-1,
12
0,0,0,0,
2,-2,0,0,
4,2,0,0,
6,-2,0,0,
8,2,0,0,
10,-2,0,0,
12,2,0,0,
15,-2,0,0,
20,20,0,0,
30,20,0,0,
34,0,0,0,
38,0,0,0,
1,5,-1,
12
0,0,0,0,
2,1,0,0,
4,-1,0,0,
6,1,0,0,
8,-1,0,0,
10,1,0,0,
12,-1,0,0,
15,-35,0,0,
18,0,0,0,
20,0,0,0,
30,0,0,0,
38,0,0,0,
1,11,-1,
7
0,0,0,0,
5,0,0,0,
10,0,0,0,
15,-250,0,0,
22,150,0,0,
30,0,0,0,
38,0,0,0,
2,11,-1,
8
0,0,0,0,
5,0,0,0,
10,0,0,0,
15,200,0,0,
22,-250,0,0,
24,-280,0,0,
30,0,0,0,
38,0,0,0,
2,4,-1,
11
0,0,0,0,
2,2,0,0,
4,0,0,0,
6,2,0,0,
8,2,0,0,
10,0,0,0,
15,20,0,0,
24,10,0,0,
26,15,0,0,
30,0,0,0,
38,0,0,0,
2,5,-1,
7
0,0,0,0,
5,0,0,0,
10,0,0,0,
15,0,0,0,
22,-8,0,0,
30,-8,0,0,
38,0,0,0,
3,11,-1,
6
0,0,0,0,
10,0,0,0,
15,300,0,0,
22,200,0,0,
30,250,0,0,
38,0,0,0,
4,11,-1,
6
0,0,0,0,
10,0,0,0,
15,-100,0,0,
22,-400,0,0,
30,-400,0,0,
38,0,0,0,
15,12,-1,原子吐息
6
0,0,0,0,
21,0,0,0,
22,1000,0,0,
25,1000,0,0,
28,0,0,0,
38,0,0,0,
15,4,-1,
5
0,0,0,0,
22,0,0,0,
25,100,0,0,
28,100,0,0,
38,100,0,0,
16,8,-1,爆炸
6
0,0,0,0,
25,0,0,0,
26,1000,0,0,
30,2200,0,0,
33,2400,0,0,
38,2400,0,0,
16,12,-1,
6
0,0,0,0,
25,0,0,0,
26,1000,0,0,
29,1000,0,0,
33,0,0,0,
38,0,0,0,
6,11,-1,尾巴
5
0,0,0,0,
4,-300,0,0,
15,-300,0,0,
24,150,0,0,
38,0,0,0,
7,11,-1,
5
0,0,0,0,
4,60,0,0,
15,60,0,0,
24,-150,0,0,
38,0,0,0,
8,11,-1,
5
0,0,0,0,
4,60,0,0,
15,60,0,0,
24,10,0,0,
38,0,0,0,
9,11,-1,脚
7
0,0,0,0,
10,100,0,0,
15,300,0,0,
22,100,0,0,
30,100,0,0,
34,0,0,0,
38,0,0,0,
9,5,-1,
8
0,0,0,0,
10,0,0,0,
12,-4,0,0,
15,10,0,0,
18,-5,0,0,
30,0,0,0,
34,0,0,0,
38,0,0,0,
11,11,-1,
7
0,0,0,0,
10,-100,0,0,
15,-200,0,0,
22,-200,0,0,
30,-100,0,0,
34,0,0,0,
38,0,0,0,
11,5,-1,
7
0,0,0,0,
10,0,0,0,
15,10,0,0,
22,0,0,0,
30,0,0,0,
34,0,0,0,
38,0,0,0,
13,11,-1,
7
0,0,0,0,
10,-60,0,0,
15,150,0,0,
22,350,0,0,
30,350,0,0,
35,0,0,0,
38,0,0,0,
