[maanim]
1
17
1,12,-1,
1
0,0,0,0,
5,12,-1,
1
0,0,0,0,
16,12,-1,
1
0,0,0,0,
20,12,-1,
1
0,0,0,0,
13,12,-1,
1
0,0,0,0,
9,5,-1,
3
0,0,0,0,
15,5,0,0,
30,0,0,0,
10,11,-1,
3
0,0,0,0,
15,15,0,0,
30,0,0,0,
10,5,-1,
3
0,0,0,0,
15,2,0,0,
30,0,0,0,
11,11,-1,
3
0,0,0,0,
15,-150,0,0,
30,0,0,0,
12,11,-1,
3
0,0,0,0,
15,150,0,0,
30,0,0,0,
19,11,-1,
3
0,0,0,0,
15,-30,0,0,
30,0,0,0,
21,11,-1,
3
0,0,0,0,
2,150,0,0,
4,0,0,0,
22,11,-1,
3
0,0,0,0,
2,-150,0,0,
4,0,0,0,
23,11,-1,
3
0,0,0,0,
2,-150,0,0,
4,0,0,0,
24,11,-1,
3
0,0,0,0,
2,150,0,0,
4,0,0,0,
25,12,-1,
1
0,0,0,0,
37,9,-1,
3
0,1000,0,0,
15,950,0,0,
30,1000,0,0,
