[maanim]
1
31
45,4,-1,
1
0,2,0,0,
24,12,-1,
1
0,800,0,0,
25,12,-1,
1
0,800,0,0,
26,12,-1,
1
0,900,0,0,
19,12,-1,
1
0,600,0,0,
27,12,-1,
1
0,600,0,0,
5,12,-1,
1
0,0,0,0,
8,11,-1,
1
0,-400,0,0,
9,11,-1,
1
0,500,0,0,
11,5,-1,
1
0,2,0,0,
12,11,-1,
1
0,-150,0,0,
13,11,-1,
1
0,200,0,0,
13,5,-1,
1
0,2,0,0,
13,4,-1,
1
0,3,0,0,
15,11,-1,
1
0,0,0,0,
14,11,-1,
1
0,0,0,0,
16,11,-1,
1
0,-300,0,0,
20,11,-1,
1
0,-150,0,0,
21,11,-1,
1
0,150,0,0,
24,11,-1,
1
0,1200,0,0,
54,11,-1,
1
0,-300,0,0,
55,11,-1,
1
0,150,0,0,
43,11,-1,
1
0,300,0,0,
44,11,-1,
1
0,150,0,0,
37,11,-1,
1
0,150,0,0,
10,12,-1,
1
0,0,0,0,
28,12,-1,
1
0,0,0,0,
50,12,-1,
1
0,0,0,0,
52,12,-1,
1
0,0,0,0,
56,12,-1,
1
0,800,0,0,
57,12,-1,
1
0,800,0,0,
