[maanim]
1
113
45,4,-1,
1
0,2,0,0,
24,12,-1,
1
0,800,0,0,
25,12,-1,
1
0,800,0,0,
26,12,-1,
1
0,900,0,0,
19,12,-1,
1
0,700,0,0,
27,12,-1,
1
0,700,0,0,
2,2,-1,
7
0,44,0,0,
1,44,0,0,
2,45,0,0,
3,45,0,0,
4,46,0,0,
5,46,0,0,
6,44,0,0,
2,5,-1,
3
0,0,0,0,
12,10,0,0,
23,0,0,0,
3,2,-1,
7
0,45,0,0,
1,45,0,0,
2,46,0,0,
3,46,0,0,
4,44,0,0,
5,44,0,0,
6,45,0,0,
3,5,-1,
3
0,0,0,0,
12,15,0,0,
23,0,0,0,
4,2,-1,
7
0,46,0,0,
1,46,0,0,
2,44,0,0,
3,44,0,0,
4,45,0,0,
5,45,0,0,
6,46,0,0,
4,5,-1,
3
0,0,0,0,
12,15,0,0,
23,0,0,0,
6,12,1,
5
0,0,0,0,
5,0,0,0,
6,1000,0,0,
10,1000,0,0,
23,0,0,0,
6,4,1,
5
0,-10,0,0,
6,-20,0,0,
10,20,0,0,
13,30,0,0,
23,30,0,0,
7,12,1,
5
0,0,0,0,
15,0,0,0,
16,1000,0,0,
20,1000,0,0,
23,0,0,0,
7,5,1,
4
0,0,0,0,
16,0,0,0,
20,50,0,0,
23,60,0,0,
7,4,1,
4
0,0,0,0,
16,0,0,0,
20,30,0,0,
23,40,0,0,
1,4,-1,
8
0,0,0,0,
5,-10,0,0,
6,0,0,0,
10,10,0,0,
11,0,0,0,
15,-10,0,0,
16,0,0,0,
23,0,0,0,
8,4,1,
8
0,0,0,0,
5,-10,0,0,
6,0,0,0,
10,10,0,0,
11,0,0,0,
15,-10,0,0,
16,0,0,0,
23,0,0,0,
58,4,1,
8
0,0,0,0,
5,-10,0,0,
6,0,0,0,
10,10,0,0,
11,0,0,0,
15,-10,0,0,
16,0,0,0,
23,10,0,0,
8,5,1,
8
0,0,0,0,
5,10,0,0,
6,0,0,0,
10,-5,0,0,
11,0,0,0,
15,-10,0,0,
16,20,0,0,
23,30,0,0,
8,11,1,
4
0,0,0,0,
15,0,0,0,
16,300,0,0,
23,300,0,0,
9,2,1,
6
0,3,0,0,
5,3,0,0,
6,2,0,0,
10,2,0,0,
11,2,0,0,
23,2,0,0,
9,11,1,
8
0,150,0,0,
5,0,0,0,
6,60,0,0,
10,-90,0,0,
11,0,0,0,
15,-90,0,0,
16,150,0,0,
23,250,0,0,
9,5,1,
7
0,0,0,0,
5,0,0,0,
6,5,0,0,
10,-5,0,0,
15,0,0,0,
16,10,0,0,
23,20,0,0,
10,12,1,2段身子
6
0,0,0,0,
5,0,0,0,
6,1000,0,0,
10,1000,0,0,
11,0,0,0,
23,0,0,0,
10,11,1,
6
0,0,0,0,
5,0,0,0,
6,0,0,0,
10,90,0,0,
11,0,0,0,
23,0,0,0,
11,4,1,脖子
8
0,0,0,0,
5,0,0,0,
6,10,0,0,
10,10,0,0,
11,0,0,0,
15,0,0,0,
16,5,0,0,
23,5,0,0,
11,5,1,
8
0,0,0,0,
5,0,0,0,
6,15,0,0,
10,15,0,0,
11,0,0,0,
15,0,0,0,
16,15,0,0,
23,15,0,0,
12,11,1,头部
8
0,0,0,0,
5,0,0,0,
6,60,0,0,
10,60,0,0,
11,-200,0,0,
15,-200,0,0,
16,-90,0,0,
23,-90,0,0,
13,11,1,
8
0,0,0,0,
5,0,0,0,
6,90,0,0,
10,90,0,0,
11,400,0,0,
15,400,0,0,
16,0,0,0,
23,0,0,0,
13,4,1,
6
0,0,0,0,
10,0,0,0,
11,2,0,0,
15,2,0,0,
16,0,0,0,
23,0,0,0,
13,5,1,
6
0,0,0,0,
10,0,0,0,
11,4,0,0,
15,4,0,0,
16,0,0,0,
23,0,0,0,
14,11,1,左胳膊
8
0,150,0,0,
5,0,0,0,
6,150,0,0,
10,150,0,0,
11,2000,0,0,
15,2000,0,0,
16,0,0,0,
23,0,0,0,
14,9,1,
6
0,1000,0,0,
10,1000,0,0,
11,-1000,0,0,
15,-1000,0,0,
16,1000,0,0,
23,1000,0,0,
14,4,1,
8
0,0,0,0,
5,0,0,0,
6,25,0,0,
10,25,0,0,
11,-3,0,0,
15,-3,0,0,
16,0,0,0,
23,0,0,0,
14,5,1,
8
0,0,0,0,
5,0,0,0,
6,15,0,0,
10,15,0,0,
11,3,0,0,
15,3,0,0,
16,0,0,0,
23,0,0,0,
15,11,1,
8
0,60,0,0,
5,60,0,0,
6,-400,0,0,
10,0,0,0,
11,0,0,0,
15,0,0,0,
16,-400,0,0,
23,-400,0,0,
15,5,1,
4
0,-5,0,0,
5,-5,0,0,
6,0,0,0,
23,0,0,0,
16,11,1,
8
0,-250,0,0,
5,-200,0,0,
6,-500,0,0,
10,-300,0,0,
11,0,0,0,
15,0,0,0,
16,-500,0,0,
23,-500,0,0,
20,12,1,右胳膊
8
0,0,0,0,
5,0,0,0,
6,1000,0,0,
10,1000,0,0,
11,0,0,0,
15,0,0,0,
16,1000,0,0,
23,1000,0,0,
20,11,1,
8
0,0,0,0,
5,0,0,0,
6,-1500,0,0,
10,-1500,0,0,
11,0,0,0,
15,0,0,0,
16,-400,0,0,
23,-400,0,0,
20,5,1,
4
0,0,0,0,
15,0,0,0,
16,-12,0,0,
23,-12,0,0,
20,4,1,
4
0,0,0,0,
15,0,0,0,
16,-20,0,0,
23,-20,0,0,
21,11,1,
8
0,0,0,0,
5,0,0,0,
6,150,0,0,
10,150,0,0,
11,0,0,0,
15,0,0,0,
16,300,0,0,
23,300,0,0,
24,11,1,紫炎剑
8
0,0,0,0,
5,0,0,0,
6,1300,0,0,
10,1000,0,0,
11,0,0,0,
15,0,0,0,
16,-400,0,0,
23,-250,0,0,
28,12,1,右攻击前胳膊
8
0,1000,0,0,
5,1000,0,0,
6,0,0,0,
10,0,0,0,
11,1000,0,0,
15,1000,0,0,
16,0,0,0,
23,0,0,0,
28,11,1,
7
0,-60,0,0,
5,0,0,0,
10,0,0,0,
11,1300,0,0,
15,1300,0,0,
16,0,0,0,
23,-60,0,0,
28,9,1,
6
0,1000,0,0,
10,1000,0,0,
11,-1000,0,0,
15,-1000,0,0,
16,1000,0,0,
23,1000,0,0,
29,11,1,
7
0,150,0,0,
5,-150,0,0,
10,0,0,0,
11,300,0,0,
15,300,0,0,
16,0,0,0,
23,0,0,0,
29,5,1,
6
0,-10,0,0,
10,0,0,0,
11,5,0,0,
15,5,0,0,
16,0,0,0,
23,0,0,0,
30,11,1,
7
0,-150,0,0,
5,-150,0,0,
10,0,0,0,
11,-250,0,0,
15,-250,0,0,
16,0,0,0,
23,0,0,0,
32,11,1,紫炎剑
8
0,0,0,0,
5,-150,0,0,
6,0,0,0,
10,0,0,0,
11,-700,0,0,
15,-1000,0,0,
16,0,0,0,
23,0,0,0,
37,11,1,左大腿
8
0,0,0,0,
5,-60,0,0,
6,-200,0,0,
10,-100,0,0,
11,100,0,0,
15,200,0,0,
16,-50,0,0,
23,-100,0,0,
38,5,1,
8
0,5,0,0,
5,5,0,0,
6,0,0,0,
10,0,0,0,
11,5,0,0,
15,5,0,0,
16,0,0,0,
23,0,0,0,
38,9,1,
8
0,1000,0,0,
5,1000,0,0,
6,-1000,0,0,
10,-1000,0,0,
11,1000,0,0,
15,1000,0,0,
16,-1000,0,0,
23,-1000,0,0,
38,11,1,
8
0,-60,0,0,
5,-120,0,0,
6,300,0,0,
10,400,0,0,
11,0,0,0,
15,100,0,0,
16,200,0,0,
23,400,0,0,
39,11,1,
8
0,-90,0,0,
5,-120,0,0,
6,200,0,0,
10,300,0,0,
11,0,0,0,
15,-100,0,0,
16,300,0,0,
23,400,0,0,
40,10,1,右大腿
4
0,-1000,0,0,
5,-1000,0,0,
6,1000,0,0,
23,1000,0,0,
40,9,1,
5
0,1000,0,0,
0,1000,0,0,
15,1000,0,0,
16,-1000,0,0,
23,-1000,0,0,
40,11,1,
8
0,1500,0,0,
5,1400,0,0,
6,0,0,0,
10,-200,0,0,
11,-100,0,0,
15,-200,0,0,
16,-700,0,0,
23,-800,0,0,
41,11,1,
8
0,0,0,0,
5,-60,0,0,
6,0,0,0,
10,100,0,0,
11,0,0,0,
15,-150,0,0,
16,0,0,0,
23,-100,0,0,
41,2,1,
8
0,17,0,0,
5,17,0,0,
6,17,0,0,
10,17,0,0,
11,16,0,0,
15,16,0,0,
16,17,0,0,
23,17,0,0,
41,5,1,
8
0,0,0,0,
5,0,0,0,
6,10,0,0,
10,10,0,0,
11,10,0,0,
15,10,0,0,
16,0,0,0,
23,0,0,0,
41,53,1,
6
0,1000,0,0,
5,1000,0,0,
6,850,0,0,
10,850,0,0,
11,1000,0,0,
23,1000,0,0,
42,2,1,
6
0,21,0,0,
5,21,0,0,
6,20,0,0,
15,20,0,0,
16,19,0,0,
23,19,0,0,
42,10,1,
6
0,-1000,0,0,
5,-1000,0,0,
6,1000,0,0,
15,1000,0,0,
16,1000,0,0,
23,1000,0,0,
42,9,1,
4
0,1000,0,0,
15,1000,0,0,
16,-1000,0,0,
23,-1000,0,0,
42,11,1,
8
0,1800,0,0,
5,1900,0,0,
6,250,0,0,
10,250,0,0,
11,0,0,0,
15,100,0,0,
16,0,0,0,
23,0,0,0,
42,5,1,
4
0,-3,0,0,
5,-3,0,0,
6,0,0,0,
23,0,0,0,
42,4,1,
4
0,-2,0,0,
5,-2,0,0,
6,0,0,0,
23,0,0,0,
42,3,1,
1
0,0,0,0,
42,53,1,
4
0,1100,0,0,
5,1100,0,0,
6,1000,0,0,
23,1000,0,0,
43,9,1,主尾巴
4
0,-1000,0,0,
5,-1000,0,0,
6,1000,0,0,
23,1000,0,0,
43,5,1,
4
0,15,0,0,
5,15,0,0,
6,0,0,0,
23,0,0,0,
43,4,1,
4
0,20,0,0,
5,20,0,0,
6,0,0,0,
23,0,0,0,
43,11,1,
8
0,-1200,0,0,
5,-1300,0,0,
6,200,0,0,
10,300,0,0,
11,130,0,0,
15,200,0,0,
16,300,0,0,
23,360,0,0,
44,11,1,
8
0,300,0,0,
5,300,0,0,
6,0,0,0,
10,60,0,0,
11,150,0,0,
15,150,0,0,
16,100,0,0,
23,160,0,0,
45,11,1,
8
0,300,0,0,
5,300,0,0,
6,0,0,0,
10,60,0,0,
11,60,0,0,
15,60,0,0,
16,100,0,0,
23,160,0,0,
46,11,1,
8
0,90,0,0,
5,90,0,0,
6,0,0,0,
10,60,0,0,
11,150,0,0,
15,150,0,0,
16,100,0,0,
23,160,0,0,
47,11,1,
8
0,300,0,0,
5,300,0,0,
6,0,0,0,
10,60,0,0,
11,60,0,0,
15,60,0,0,
16,100,0,0,
23,160,0,0,
48,11,1,
8
0,250,0,0,
5,250,0,0,
6,0,0,0,
10,60,0,0,
11,150,0,0,
15,150,0,0,
16,150,0,0,
23,250,0,0,
49,11,1,
8
0,300,0,0,
5,300,0,0,
6,0,0,0,
10,60,0,0,
11,150,0,0,
15,150,0,0,
16,100,0,0,
23,250,0,0,
50,12,1,消失
1
0,0,0,0,
52,12,1,
1
0,0,0,0,
54,4,1,左翅膀
8
0,0,0,0,
5,0,0,0,
6,2,0,0,
10,2,0,0,
11,0,0,0,
15,0,0,0,
16,0,0,0,
23,0,0,0,
54,5,1,
8
0,0,0,0,
5,9,0,0,
6,-10,0,0,
10,-15,0,0,
11,0,0,0,
15,0,0,0,
16,0,0,0,
23,0,0,0,
54,53,1,
8
0,1000,0,0,
5,1000,0,0,
6,900,0,0,
10,900,0,0,
11,1000,0,0,
15,900,0,0,
16,950,0,0,
23,1000,0,0,
54,11,1,
8
0,0,0,0,
5,90,0,0,
6,-300,0,0,
10,0,0,0,
11,-150,0,0,
15,0,0,0,
16,-250,0,0,
23,-300,0,0,
54,3,1,
8
0,0,0,0,
5,0,0,0,
6,10,0,0,
10,10,0,0,
11,0,0,0,
15,0,0,0,
16,0,0,0,
23,0,0,0,
55,9,1,右翅膀
8
0,1000,0,0,
5,1000,0,0,
6,-1000,0,0,
10,-1000,0,0,
11,1000,0,0,
15,1000,0,0,
16,1000,0,0,
23,1000,0,0,
55,53,1,
8
0,1000,0,0,
5,1000,0,0,
6,800,0,0,
10,800,0,0,
11,1000,0,0,
15,900,0,0,
16,950,0,0,
23,1000,0,0,
55,4,1,
8
0,0,0,0,
5,0,0,0,
6,-10,0,0,
10,-10,0,0,
11,0,0,0,
15,0,0,0,
16,0,0,0,
23,0,0,0,
55,5,1,
8
0,0,0,0,
5,0,0,0,
6,-10,0,0,
10,-10,0,0,
11,10,0,0,
15,10,0,0,
16,0,0,0,
23,0,0,0,
55,11,1,
8
0,90,0,0,
5,0,0,0,
6,-200,0,0,
10,0,0,0,
11,150,0,0,
15,0,0,0,
16,-250,0,0,
23,-200,0,0,
19,2,-1,火焰动
3
0,35,0,0,
3,36,0,0,
6,35,0,0,
24,2,-1,
3
0,33,0,0,
2,34,0,0,
4,33,0,0,
24,53,-1,
3
0,1000,0,0,
2,950,0,0,
4,1000,0,0,
26,2,-1,
3
0,35,0,0,
3,36,0,0,
6,35,0,0,
27,2,-1,
3
0,35,0,0,
3,36,0,0,
6,35,0,0,
31,2,-1,
3
0,35,0,0,
3,36,0,0,
6,35,0,0,
31,12,-1,
1
0,600,0,0,
32,2,-1,
3
0,33,0,0,
2,34,0,0,
4,33,0,0,
34,2,-1,
3
0,35,0,0,
3,36,0,0,
6,35,0,0,
32,12,-1,
1
0,800,0,0,
33,12,-1,
1
0,800,0,0,
34,12,-1,
1
0,800,0,0,
56,11,-1,
2
0,0,0,0,
23,3600,0,0,
56,5,-1,
1
0,-20,0,0,
57,11,-1,
2
0,0,0,0,
23,-3600,0,0,
57,5,-1,
1
0,0,0,0,
56,12,-1,
1
0,800,0,0,
57,12,-1,
1
0,800,0,0,
