[maanim]
1
57
57,11,-1,
2
0,0,0,0,
200,-3600,0,0,
56,11,-1,
2
0,0,0,0,
200,3600,0,0,
24,12,-1,
1
0,800,0,0,
25,12,-1,
1
0,1000,0,0,
26,12,-1,
1
0,900,0,0,
19,12,-1,
1
0,700,0,0,
27,12,-1,
1
0,700,0,0,
19,2,-1,
3
0,35,0,0,
2,36,0,0,
4,35,0,0,
26,2,-1,
3
0,36,0,0,
3,35,0,0,
6,36,0,0,
27,2,-1,
3
0,35,0,0,
2,36,0,0,
4,35,0,0,
24,2,-1,
3
0,33,0,0,
4,34,0,0,
8,33,0,0,
1,12,-1,
1
0,0,0,0,
28,12,-1,
1
0,0,0,0,
8,11,-1,
3
0,300,0,0,
20,300,0,0,
40,300,0,0,
8,5,-1,
3
0,-10,0,0,
20,15,0,0,
40,-10,0,0,
9,11,-1,
1
0,-60,0,0,
9,5,-1,
3
0,0,0,0,
20,3,0,0,
40,0,0,0,
11,11,-1,
1
0,-60,0,0,
11,5,-1,
1
0,5,0,0,
11,4,-1,
1
0,6,0,0,
12,11,-1,
3
0,-90,0,0,
20,-60,0,0,
40,-90,0,0,
12,5,-1,
3
0,0,0,0,
20,3,0,0,
40,0,0,0,
15,11,-1,
1
0,300,0,0,
14,11,-1,
3
0,0,0,0,
20,60,0,0,
40,0,0,0,
15,4,-1,
1
0,5,0,0,
16,10,-1,
3
0,900,0,0,
20,1000,0,0,
40,900,0,0,
16,5,-1,
3
0,-10,0,0,
20,-5,0,0,
40,-10,0,0,
16,11,-1,
3
0,0,0,0,
20,-90,0,0,
40,0,0,0,
20,11,-1,
1
0,-150,0,0,
20,5,-1,
3
0,-5,0,0,
20,0,0,0,
40,-5,0,0,
20,4,-1,
1
0,-6,0,0,
21,11,-1,
1
0,150,0,0,
24,11,-1,
1
0,-130,0,0,
37,10,-1,
1
0,-1000,0,0,
37,11,-1,
3
0,-1650,0,0,
20,-1700,0,0,
40,-1650,0,0,
38,11,-1,
3
0,-300,0,0,
20,-200,0,0,
40,-300,0,0,
39,11,-1,
3
0,100,0,0,
20,150,0,0,
40,100,0,0,
40,11,-1,
3
0,-500,0,0,
20,-550,0,0,
40,-500,0,0,
41,2,-1,
1
0,18,0,0,
41,11,-1,
1
0,300,0,0,
42,11,-1,
1
0,300,0,0,
43,11,-1,weib1
3
0,30,0,0,
20,0,0,0,
40,30,0,0,
44,11,-1,
1
0,30,0,0,
45,11,-1,
1
0,30,0,0,
45,4,-1,
1
0,2,0,0,
46,11,-1,
3
0,150,0,0,
20,100,0,0,
40,150,0,0,
47,11,-1,
1
0,100,0,0,
48,11,-1,
1
0,150,0,0,
49,11,-1,
1
0,150,0,0,
50,11,-1,
3
0,60,0,0,
20,0,0,0,
40,60,0,0,
52,11,-1,
3
0,90,0,0,
20,120,0,0,
40,90,0,0,
54,12,-1,
1
0,0,0,0,
55,12,-1,
1
0,0,0,0,
5,12,-1,v
1
0,0,0,0,
10,12,-1,
1
0,0,0,0,
56,12,-1,
1
0,800,0,0,
57,12,-1,
1
0,800,0,0,
