[maanim]
1
20
12,12,1,
6
0,0,0,0,
8,0,0,0,
9,1000,0,0,
10,1000,0,0,
14,0,0,0,
15,0,0,0,
12,4,-1,
5
0,0,0,0,
9,-20,0,0,
12,0,0,0,
14,0,0,0,
15,0,0,0,
13,12,1,
5
0,0,0,0,
9,0,0,0,
10,1000,0,0,
14,0,0,0,
15,0,0,0,
1,4,-1,身子动
5
0,0,0,0,
5,-20,0,0,
10,70,0,0,
13,70,0,0,
15,0,0,0,
11,4,-1,
5
0,0,0,0,
5,-20,0,0,
10,70,0,0,
13,70,0,0,
15,0,0,0,
1,5,-1,
5
0,0,0,0,
5,-15,0,0,
10,10,0,0,
13,10,0,0,
15,0,0,0,
1,11,-1,
4
0,0,0,0,
5,-150,0,0,
10,150,0,0,
15,150,0,0,
2,11,-1,
4
0,0,0,0,
5,-300,0,0,
11,600,0,0,
15,0,0,0,
6,11,-1,头动
4
0,0,0,0,
5,-90,0,0,
10,-30,0,0,
15,-30,0,0,
6,4,-1,
5
0,0,0,0,
8,0,0,0,
10,10,0,0,
12,0,0,0,
15,0,0,0,
6,5,-1,
1
0,-5,0,0,
8,5,-1,
4
0,-5,0,0,
8,-15,0,0,
10,0,0,0,
15,0,0,0,
8,11,-1,
4
0,0,0,0,
8,-150,0,0,
10,0,0,0,
15,0,0,0,
9,11,-1,左脚
4
0,0,0,0,
5,300,0,0,
10,-250,0,0,
15,-250,0,0,
9,5,-1,
4
0,0,0,0,
5,-2,0,0,
10,7,0,0,
15,7,0,0,
10,11,-1,右脚
4
0,0,0,0,
5,-300,0,0,
10,-200,0,0,
15,-200,0,0,
10,5,-1,
4
0,0,0,0,
5,2,0,0,
10,1,0,0,
15,1,0,0,
3,11,-1,
4
0,0,0,0,
5,90,0,0,
10,-90,0,0,
15,-90,0,0,
4,11,-1,
4
0,0,0,0,
5,120,0,0,
10,0,0,0,
15,0,0,0,
5,11,-1,
4
0,0,0,0,
5,-30,0,0,
10,60,0,0,
15,60,0,0,
